# Q = G M A_out^(2)/(A_1 A_2), strain amplitudes, Eq. (29); strain phases of Eq. (19) and (-1)^m' of Eq. (39) included; M = 1; r* = r + 2 log(r/2 - 1)
# sector=eee l1=6 m1=6 l2=6 m2=6 l=12 m=12 omega1=omega2=Momega_parent; symmetry factor: 1/2 included (identical parent l, m, omega)
# trusted: passes the 1% domain and auxiliary-diagnostic criteria
# rel_err: |Q(domain 2) - Q(domain 1)|/|Q|, two outer integration radii
# Momega_parent Re_Qin Im_Qin Re_Qout Im_Qout rel_err gap_before trusted
4.1746974163799999e-01 -3.3272053088930255e-03 -5.2288839346372696e-03 -6.1975204228120100e-03 -4.7570771095406894e-05 1.9028834350227176e-04 0.0000000000000000e+00 1.0000000000000000e+00
4.5402239182800003e-01 -4.5323754622716072e-03 -6.1020590554409148e-03 -7.6008487636195950e-03 -6.8191786130383702e-05 9.8814494472563338e-05 0.0000000000000000e+00 1.0000000000000000e+00
4.9057504201699997e-01 -5.7289681082396049e-03 -7.2197832256204299e-03 -9.2161343180348007e-03 -9.5987719562319845e-05 3.3688859611514876e-04 0.0000000000000000e+00 1.0000000000000000e+00
5.2712769220699995e-01 -6.8167152530423051e-03 -8.7235565517244547e-03 -1.1070245433303785e-02 -1.3308568727484979e-04 1.5708666373750706e-04 0.0000000000000000e+00 1.0000000000000000e+00
5.6368034239599996e-01 -7.6349055634557751e-03 -1.0763407904021015e-02 -1.3195056916202409e-02 -1.8222420485666769e-04 9.7307221259654053e-05 0.0000000000000000e+00 1.0000000000000000e+00
6.0023299258600005e-01 -7.9282357902353794e-03 -1.3471137591290950e-02 -1.5629058484664431e-02 -2.4698524466487611e-04 1.8223606803971525e-04 0.0000000000000000e+00 1.0000000000000000e+00
6.3678564277500005e-01 -7.3116873449524250e-03 -1.6908721665757534e-02 -1.8418887549489126e-02 -3.3199722500665399e-04 4.8628317714929715e-07 0.0000000000000000e+00 1.0000000000000000e+00
6.7333829296500003e-01 -5.2483914395354053e-03 -2.0979806826663359e-02 -2.1621778907171686e-02 -4.4338167104383765e-04 1.5429555117206295e-04 0.0000000000000000e+00 1.0000000000000000e+00
7.0989094315400003e-01 -1.0679889531539301e-03 -2.5293574179435341e-02 -2.5309253336888070e-02 -5.8924531133959404e-04 1.0777133376461579e-04 0.0000000000000000e+00 1.0000000000000000e+00
7.4644359334400001e-01 5.9276239980647748e-03 -2.8982267680300829e-02 -2.9571935731806893e-02 -7.8057343503293698e-04 1.1269350100192925e-04 0.0000000000000000e+00 1.0000000000000000e+00
7.8299624353300001e-01 1.6200723008865235e-02 -3.0507395191212740e-02 -3.4526794122405495e-02 -1.0323277656081120e-03 5.8776269274413640e-05 0.0000000000000000e+00 1.0000000000000000e+00
8.1954889372299999e-01 2.9476515696786720e-02 -2.7556811020915568e-02 -4.0328426373708308e-02 -1.3653774059762544e-03 5.3313355329196116e-05 0.0000000000000000e+00 1.0000000000000000e+00
8.5610154391200000e-01 4.3959414470206563e-02 -1.7246723834594004e-02 -4.7187113224557466e-02 -1.8094887198420559e-03 2.5908066462561949e-05 0.0000000000000000e+00 1.0000000000000000e+00
8.9265419410199998e-01 5.5368822567427950e-02 3.0113370866256292e-03 -5.5399180595864350e-02 -2.4087328812268196e-03 2.0304460946938348e-05 0.0000000000000000e+00 1.0000000000000000e+00
9.2920684429099998e-01 5.6250149023280800e-02 3.3513524863394498e-02 -6.5401029788881043e-02 -3.2319965803348631e-03 8.9457544742327087e-05 0.0000000000000000e+00 1.0000000000000000e+00
9.5421655231600000e-01 4.5680112673005077e-02 5.7847999772773648e-02 -7.3612295502966954e-02 -3.9821993702836784e-03 8.7626883768186702e-05 0.0000000000000000e+00 1.0000000000000000e+00
9.6575949448099996e-01 3.6674454187105299e-02 6.8820783304931604e-02 -7.7875590063210307e-02 -4.3984159065298227e-03 6.1488783218818487e-05 0.0000000000000000e+00 1.0000000000000000e+00
9.7210811267200004e-01 3.0475864260220000e-02 7.4487886331645603e-02 -8.0368608542988454e-02 -4.6505560075393790e-03 4.3155871654751690e-05 0.0000000000000000e+00 1.0000000000000000e+00
9.8999967302799996e-01 8.0313798142502592e-03 8.7802813465887794e-02 -8.8044607672466094e-02 -5.4695258761786446e-03 4.6026479183246925e-05 0.0000000000000000e+00 1.0000000000000000e+00
1.0023121446700001e+00 -1.1637453451041569e-02 9.3380135359069097e-02 -9.3975387943236594e-02 -6.1498681110593000e-03 6.7194870620193323e-05 0.0000000000000000e+00 1.0000000000000000e+00
1.0078912333800001e+00 -2.1598028510864203e-02 9.4555483567412599e-02 -9.6865671413644105e-02 -6.4978730074253749e-03 7.1163540839029414e-05 0.0000000000000000e+00 1.0000000000000000e+00
1.0257827937399999e+00 -5.7053079386182100e-02 9.0803533399502395e-02 -1.0714448055012935e-01 -7.8336743802549843e-03 5.9029884919964095e-05 0.0000000000000000e+00 1.0000000000000000e+00
1.0388647948600001e+00 -8.4833607021275251e-02 7.8915791392080104e-02 -1.1583145380559200e-01 -9.0999738906285058e-03 3.1791004919763335e-05 0.0000000000000000e+00 1.0000000000000000e+00
1.0436743541000000e+00 -9.4981105946568445e-02 7.2219921256558198e-02 -1.1932442670161350e-01 -9.6498556834309149e-03 1.9825107385188517e-05 0.0000000000000000e+00 1.0000000000000000e+00
1.0615659144500000e+00 -1.2917347772178506e-01 3.4831975382795359e-02 -1.3404633715076564e-01 -1.2267545029428055e-02 2.4829422897292030e-05 0.0000000000000000e+00 1.0000000000000000e+00
1.0754174450500000e+00 -1.4685842202777155e-01 -8.4976099524629693e-03 -1.4776988719438736e-01 -1.5223401219100425e-02 4.0832336321437345e-05 0.0000000000000000e+00 1.0000000000000000e+00
1.0794574748100001e+00 -1.4957741422805906e-01 -2.3459161067398336e-02 -1.5224540392271990e-01 -1.6312335065442246e-02 4.3136114984782331e-05 0.0000000000000000e+00 1.0000000000000000e+00
1.0973490351599999e+00 -1.4149931899428786e-01 -9.9839442600049552e-02 -1.7526621700560824e-01 -2.3057524948030751e-02 4.2485760217378134e-05 0.0000000000000000e+00 1.0000000000000000e+00
1.1119700952400000e+00 -1.0082107318517490e-01 -1.6674332590654189e-01 -1.9888937090585984e-01 -3.2367705076877640e-02 3.4660485630987772e-05 0.0000000000000000e+00 1.0000000000000000e+00
1.1152405955200000e+00 -8.6382062617202354e-02 -1.8065554109762941e-01 -2.0488137108057081e-01 -3.5187032552442002e-02 3.2863871360332867e-05 0.0000000000000000e+00 1.0000000000000000e+00
1.1331321558800000e+00 3.0913995502374676e-02 -2.3126378820512380e-01 -2.4265673209767821e-01 -5.8418851199558051e-02 4.2798566979215272e-05 0.0000000000000000e+00 1.0000000000000000e+00
1.1485227454300000e+00 1.7176882189200135e-01 -2.0216297665337060e-01 -2.8039158764695410e-01 -9.5780191584951643e-02 4.0038345909789472e-05 0.0000000000000000e+00 1.0000000000000000e+00
1.1510237162300001e+00 1.9495206010143071e-01 -1.8748529514970341e-01 -2.8653006725620084e-01 -1.0413046126539595e-01 3.9606351183410294e-05 0.0000000000000000e+00 1.0000000000000000e+00
1.1689152765899999e+00 3.0112477370575830e-01 8.2062950687238553e-03 -3.1959794667449809e-01 -1.8817642070228394e-01 3.4842869232521250e-05 0.0000000000000000e+00 1.0000000000000000e+00
1.1850753956200000e+00 1.9895288101610720e-01 2.2817354800712400e-01 -3.0409280878366107e-01 -2.9341198416390452e-01 2.9064815663374467e-05 0.0000000000000000e+00 1.0000000000000000e+00
1.1868068369400000e+00 1.7547645907730319e-01 2.4391549272259899e-01 -2.9843651840082519e-01 -3.0463988243679901e-01 2.8542157514473648e-05 0.0000000000000000e+00 1.0000000000000000e+00
1.2046983973000001e+00 -8.8055163201490802e-02 2.3329378009707286e-01 -2.0285396145458270e-01 -3.8872658348354983e-01 1.4576354804067414e-05 0.0000000000000000e+00 1.0000000000000000e+00
1.2216280458100000e+00 -1.6802637404665749e-01 5.4216206530984350e-02 -1.0054314262434146e-01 -3.9812001461790159e-01 3.2118152902988807e-05 0.0000000000000000e+00 1.0000000000000000e+00
1.2225899576499999e+00 -1.6651331326578714e-01 4.4899997175965885e-02 -9.5584775707801106e-02 -3.9710757029757426e-01 3.3366738130515496e-05 0.0000000000000000e+00 1.0000000000000000e+00
1.2404815180100000e+00 -8.7815973058078603e-02 -5.8946710223347347e-02 -2.4981743380862453e-02 -3.6540123016869291e-01 5.6945296543025180e-05 0.0000000000000000e+00 1.0000000000000000e+00
1.2581806959999999e+00 -1.3859275154034361e-02 -5.9458382538656797e-02 1.2754725499360084e-02 -3.2911417293545314e-01 6.0331327907343038e-05 0.0000000000000000e+00 0.0000000000000000e+00
1.2583730783700000e+00 -1.3319822698819225e-02 -5.9194787151883650e-02 1.3043133739109310e-02 -3.2874701291878061e-01 6.0105241690573000e-05 0.0000000000000000e+00 1.0000000000000000e+00
1.2762646387200001e+00 1.4670289097744840e-02 -3.0303169067413094e-02 3.2497141038134988e-02 -2.9864836450006937e-01 5.5866382199165983e-05 0.0000000000000000e+00 1.0000000000000000e+00
1.2941561990799999e+00 1.6055375758433205e-02 -9.1592746659596644e-03 4.3226301292223358e-02 -2.7691391421198602e-01 1.6248291506006947e-04 0.0000000000000000e+00 0.0000000000000000e+00
1.2947333461899999e+00 1.5910754332605814e-02 -8.6915045826440954e-03 4.3511764771576887e-02 -2.7633722718145892e-01 1.6609274193813407e-04 0.0000000000000000e+00 0.0000000000000000e+00
1.3312859963799999e+00 4.3856776397971633e-03 2.9119389428638180e-03 6.0904491940865252e-02 -2.4499475309983226e-01 4.1341765184699328e-04 0.0000000000000000e+00 0.0000000000000000e+00
1.3678386465700001e+00 1.8194524892532299e-04 1.4654257620391391e-03 5.4562528544735700e-02 -2.1848445420011095e-01 3.1166593414398490e-03 0.0000000000000000e+00 0.0000000000000000e+00
1.4043912967600001e+00 -3.4731603093323895e-04 4.0997124200657848e-04 8.0144648032583851e-02 -2.4848861738690819e-01 4.5931266106231756e-03 0.0000000000000000e+00 0.0000000000000000e+00
1.4409439469400001e+00 -9.5682674702668203e-05 -3.9962866308144762e-05 1.2448048852579205e-01 -1.0026364136794090e-01 4.8758745929300212e-02 0.0000000000000000e+00 0.0000000000000000e+00
1.4774965971300000e+00 -7.1144340619970552e-05 4.1968206191271111e-05 -2.4562048983326046e-01 -3.1749239767135506e-01 3.3548513872457220e-02 0.0000000000000000e+00 0.0000000000000000e+00
1.5140492473200000e+00 1.0970569383283615e-05 -7.9126151592026896e-05 1.0296423531258856e+00 -6.4685633126786701e-01 6.5573789342634151e-02 0.0000000000000000e+00 0.0000000000000000e+00
1.5506018975100000e+00 4.4332213882149552e-06 6.2303261883702552e-05 -7.8785136206659601e-01 2.8524801345092139e+00 4.6488399434295509e-02 0.0000000000000000e+00 0.0000000000000000e+00
