# Q = G M A_out^(2)/(A_1 A_2), strain amplitudes, Eq. (29); strain phases of Eq. (19) and (-1)^m' of Eq. (39) included; M = 1; r* = r + 2 log(r/2 - 1)
# sector=eee l1=5 m1=5 l2=5 m2=5 l=10 m=10 omega1=omega2=Momega_parent; symmetry factor: 1/2 included (identical parent l, m, omega)
# trusted: passes the 1% domain and auxiliary-diagnostic criteria
# rel_err: |Q(domain 2) - Q(domain 1)|/|Q|, two outer integration radii
# Momega_parent Re_Qin Im_Qin Re_Qout Im_Qout rel_err gap_before trusted
2.9948249999999998e-01 2.0078030662820162e-03 -3.8091948968750353e-03 -4.3058314613376395e-03 3.2470631590800783e-05 3.6124969336870046e-04 0.0000000000000000e+00 1.0000000000000000e+00
3.0957741570000002e-01 1.9932396389610186e-03 -4.2028464377225272e-03 -4.6514119097489899e-03 3.5912160484134348e-05 1.8659090055954655e-04 0.0000000000000000e+00 1.0000000000000000e+00
3.1967233150000002e-01 1.9740872314324147e-03 -4.6099910736662267e-03 -5.0147252638854303e-03 3.9605862976742120e-05 8.9210254527649938e-06 0.0000000000000000e+00 1.0000000000000000e+00
3.2976724720000000e-01 1.9529341862631775e-03 -5.0308625054930646e-03 -5.3964465965619596e-03 4.3515693698594653e-05 1.2680234964998285e-04 0.0000000000000000e+00 1.0000000000000000e+00
3.3986216289999999e-01 1.9325262866191275e-03 -5.4657770368003646e-03 -5.7971632704199800e-03 4.7691516671623570e-05 1.7992582240619634e-04 0.0000000000000000e+00 1.0000000000000000e+00
3.4995707869999998e-01 1.9160399120710515e-03 -5.9153166930784552e-03 -6.2176736884005596e-03 5.2100182239092902e-05 1.3702761574514350e-04 0.0000000000000000e+00 1.0000000000000000e+00
3.6005199440000002e-01 1.9068214210579595e-03 -6.3799741930541196e-03 -6.6585896358566004e-03 5.6768810058223247e-05 4.9688661390060885e-05 0.0000000000000000e+00 1.0000000000000000e+00
3.7014691010000000e-01 1.9086438886156355e-03 -6.8605444805495252e-03 -7.1208275859090450e-03 6.1697295151901050e-05 6.4476467993910684e-05 0.0000000000000000e+00 1.0000000000000000e+00
3.8024182579999999e-01 1.9255264280108120e-03 -7.3575756693668847e-03 -7.6050704605771149e-03 6.6895796560334853e-05 1.4272997343310785e-04 0.0000000000000000e+00 1.0000000000000000e+00
3.9033674159999998e-01 1.9619194729163683e-03 -7.8717258864749156e-03 -8.1122106540839102e-03 7.2351630897395306e-05 1.4391922995315049e-04 0.0000000000000000e+00 1.0000000000000000e+00
4.0043165730000002e-01 2.0226273240769167e-03 -8.4035489221203248e-03 -8.6431799264480250e-03 7.8080384180093796e-05 1.2100918829828580e-04 0.0000000000000000e+00 1.0000000000000000e+00
4.1052657300000001e-01 2.1128671633917221e-03 -8.9533681733430705e-03 -9.1989096907752494e-03 8.4082190188786946e-05 5.9008950741463138e-05 0.0000000000000000e+00 1.0000000000000000e+00
4.2062148880000000e-01 2.2383081577812768e-03 -9.5212502023395758e-03 -9.7803919672694549e-03 9.0342796462735103e-05 1.6466077014960816e-05 0.0000000000000000e+00 1.0000000000000000e+00
4.3071640449999998e-01 2.4050449324613055e-03 -1.0106918581509401e-02 -1.0388679324245755e-02 9.6882877753373849e-05 7.6587525602449006e-05 0.0000000000000000e+00 1.0000000000000000e+00
4.4081132020000002e-01 2.6197092227730721e-03 -1.0709720273227320e-02 -1.1024982273638019e-02 1.0368560688367514e-04 9.5157931157778864e-05 0.0000000000000000e+00 1.0000000000000000e+00
4.5090623600000002e-01 2.8893819994443462e-03 -1.1328283403598425e-02 -1.1690434973037940e-02 1.1074079853001501e-04 1.0206364847361819e-04 0.0000000000000000e+00 1.0000000000000000e+00
4.6100115170000000e-01 3.2216571190724396e-03 -1.1960644635271590e-02 -1.2386369893430655e-02 1.1805021411214725e-04 4.8809465863196604e-05 0.0000000000000000e+00 1.0000000000000000e+00
4.7109606739999998e-01 3.6245768063385528e-03 -1.2603850729226760e-02 -1.3114069964086671e-02 1.2561745864612814e-04 1.6248311155083837e-05 0.0000000000000000e+00 1.0000000000000000e+00
4.8119098310000002e-01 4.1066912356495068e-03 -1.3254078737740526e-02 -1.3875075140615280e-02 1.3344241603228360e-04 7.7857132521103449e-05 0.0000000000000000e+00 1.0000000000000000e+00
4.9128589890000002e-01 4.6769973421639174e-03 -1.3906156423801681e-02 -1.4670905997468620e-02 1.4145487430194679e-04 1.1630605973265783e-04 0.0000000000000000e+00 1.0000000000000000e+00
5.0138081459999995e-01 5.3447187553991599e-03 -1.4553525471442390e-02 -1.5503184058878371e-02 1.4969672921626514e-04 1.1800106070961520e-04 0.0000000000000000e+00 1.0000000000000000e+00
5.1147573030000004e-01 6.1194218261069301e-03 -1.5188094723026286e-02 -1.6373776019380285e-02 1.5814102411246844e-04 1.0422312996918271e-04 0.0000000000000000e+00 1.0000000000000000e+00
5.2157064610000003e-01 7.0107181163421746e-03 -1.5799717394606685e-02 -1.7284485741772451e-02 1.6673129887422199e-04 4.7830823993026488e-05 0.0000000000000000e+00 1.0000000000000000e+00
5.3166556180000002e-01 8.0280716802706206e-03 -1.6376260316500767e-02 -1.8237353282299619e-02 1.7548930054956530e-04 1.4807674647138665e-05 0.0000000000000000e+00 1.0000000000000000e+00
5.4176047750000000e-01 9.1806595378693956e-03 -1.6903235704621936e-02 -1.9234602038689212e-02 1.8437916711563281e-04 6.4733679972640970e-05 0.0000000000000000e+00 1.0000000000000000e+00
5.5185539330000000e-01 1.0476996049244526e-02 -1.7363440855751464e-02 -2.0278540286465339e-02 1.9331252226521530e-04 9.1295189883843430e-05 0.0000000000000000e+00 1.0000000000000000e+00
5.6195030899999998e-01 1.1924466951825649e-02 -1.7736936823576101e-02 -2.1371733093973781e-02 2.0232180684597666e-04 8.8490589476926949e-05 0.0000000000000000e+00 1.0000000000000000e+00
5.7204522469999997e-01 1.3528993606056449e-02 -1.8000577927446616e-02 -2.2516881093799894e-02 2.1132028567034836e-04 6.0987913265127474e-05 0.0000000000000000e+00 1.0000000000000000e+00
5.8214014039999995e-01 1.5294392184424700e-02 -1.8128006997071736e-02 -2.3716971710669103e-02 2.2026796007392814e-04 1.1653597518317299e-05 0.0000000000000000e+00 1.0000000000000000e+00
5.9223505620000005e-01 1.7221704099878856e-02 -1.8089430951406766e-02 -2.4975236289971101e-02 2.2913202566217304e-04 6.0340944682422893e-05 0.0000000000000000e+00 1.0000000000000000e+00
6.0232997190000004e-01 1.9308467715294306e-02 -1.7851477292798356e-02 -2.6295173675865365e-02 2.3779788573324390e-04 9.9078911103167496e-05 0.0000000000000000e+00 1.0000000000000000e+00
6.1242488760000002e-01 2.1547671176742871e-02 -1.7377285194042202e-02 -2.7680542753091474e-02 2.4620989284023111e-04 1.1676662057800184e-04 0.0000000000000000e+00 1.0000000000000000e+00
6.2251980340000002e-01 2.3926927882960136e-02 -1.6626736480878378e-02 -2.9135597617534786e-02 2.5429870160335096e-04 1.1180781792319576e-04 0.0000000000000000e+00 1.0000000000000000e+00
6.3261471910000000e-01 2.6427060781656735e-02 -1.5556519254392834e-02 -3.0664778526723124e-02 2.6194074937807820e-04 8.4412664019696668e-05 0.0000000000000000e+00 1.0000000000000000e+00
6.4270963479999998e-01 2.9021065748798390e-02 -1.4120943736151125e-02 -3.2273129764151018e-02 2.6903225433069875e-04 3.3181128585662774e-05 0.0000000000000000e+00 1.0000000000000000e+00
6.5280455059999998e-01 3.1672626190029821e-02 -1.2272590632364360e-02 -3.3966194465963988e-02 2.7544095159036722e-04 7.1142762515968331e-06 0.0000000000000000e+00 1.0000000000000000e+00
6.6289946629999996e-01 3.4334563827997565e-02 -9.9634502967204143e-03 -3.5750024471237388e-02 2.8104154782005461e-04 4.2977625165011513e-05 0.0000000000000000e+00 1.0000000000000000e+00
6.7299438199999995e-01 3.6947384830778092e-02 -7.1463998676407348e-03 -3.7631316599272761e-02 2.8563809320379142e-04 6.8043601261670076e-05 0.0000000000000000e+00 1.0000000000000000e+00
6.8308929780000005e-01 3.9437860572787212e-02 -3.7772550372973225e-03 -3.9617636208794320e-02 2.8902637785670980e-04 7.6360420940895836e-05 0.0000000000000000e+00 1.0000000000000000e+00
6.9318421350000003e-01 4.1717428673747690e-02 1.8279528533934709e-04 -4.1717361760824606e-02 2.9096487679088436e-04 6.8587494124566621e-05 0.0000000000000000e+00 1.0000000000000000e+00
7.0327912920000002e-01 4.3681003989923042e-02 4.7640228375688621e-03 -4.3939904739153671e-02 2.9119295640019695e-04 4.6693576895334084e-05 0.0000000000000000e+00 1.0000000000000000e+00
7.1337404490000000e-01 4.5205919973115037e-02 9.9844259443871743e-03 -4.6295788071961254e-02 2.8933223471282367e-04 4.5933419831220558e-05 0.0000000000000000e+00 1.0000000000000000e+00
7.2346896070000000e-01 4.6151689297258644e-02 1.5845112898194014e-02 -4.8797114203306111e-02 2.8496228572236269e-04 1.7899624045262736e-05 0.0000000000000000e+00 1.0000000000000000e+00
7.3356387639999998e-01 4.6360020164049422e-02 2.2325052597061339e-02 -5.1457700090019300e-02 2.7750073247078582e-04 8.9343196229237796e-06 0.0000000000000000e+00 1.0000000000000000e+00
7.4365879209999997e-01 4.5655728630698653e-02 2.9374650985971650e-02 -5.4293175007937802e-02 2.6626532514122423e-04 2.8693146837892724e-05 0.0000000000000000e+00 1.0000000000000000e+00
7.5375370789999996e-01 4.3849220850144317e-02 3.6908818773949720e-02 -5.7321594003891599e-02 2.5028608488186972e-04 3.8435126261252871e-05 0.0000000000000000e+00 1.0000000000000000e+00
7.6384862360000005e-01 4.0740559928410094e-02 4.4799123690606971e-02 -6.0564118749316803e-02 2.2830217398031550e-04 4.1264423225240562e-05 0.0000000000000000e+00 1.0000000000000000e+00
7.7394353930000004e-01 3.6124989674897537e-02 5.2864994377239849e-02 -6.4045251475449899e-02 1.9848054784213736e-04 3.6406472496842775e-05 0.0000000000000000e+00 1.0000000000000000e+00
7.8403845510000003e-01 2.9801808768095427e-02 6.0864566588105552e-02 -6.7793963292825596e-02 1.5836996095650694e-04 3.5706339977125913e-05 0.0000000000000000e+00 1.0000000000000000e+00
7.9413337080000002e-01 2.1585894092813081e-02 6.8485323463135253e-02 -7.1844755753891848e-02 1.0438936387899675e-04 2.1654304203256772e-05 0.0000000000000000e+00 1.0000000000000000e+00
8.0422828650000000e-01 1.1323341703921365e-02 7.5334268621502054e-02 -7.6238651532220855e-02 3.1426205612866516e-05 7.6939311449997526e-06 0.0000000000000000e+00 1.0000000000000000e+00
8.1432320219999998e-01 -1.0878317857332385e-03 8.0929583111720146e-02 -8.1025334817752953e-02 -6.8093206272933047e-05 4.5210033694549848e-06 0.0000000000000000e+00 1.0000000000000000e+00
8.2441811799999998e-01 -1.5670648396281479e-02 8.4693372864631855e-02 -8.6265300270766648e-02 -2.0515981418191850e-04 1.3471704185587624e-05 0.0000000000000000e+00 1.0000000000000000e+00
8.3451303369999996e-01 -3.2334557184256291e-02 8.5947247015198597e-02 -9.2032446423101100e-02 -3.9630245786024425e-04 2.1267767880253748e-05 0.0000000000000000e+00 1.0000000000000000e+00
8.4460794939999995e-01 -5.0830271425530600e-02 8.3914001777932345e-02 -9.8418353512435996e-02 -6.6620210055152605e-04 1.0320700883963935e-05 0.0000000000000000e+00 1.0000000000000000e+00
8.5470286520000005e-01 -7.0691768233695607e-02 7.7727449971204995e-02 -1.0553670194208210e-01 -1.0522659792939089e-03 1.4039252435427104e-05 0.0000000000000000e+00 1.0000000000000000e+00
8.6479778090000003e-01 -9.1161870011277096e-02 6.6458903126256352e-02 -1.1353021071695076e-01 -1.6113960988035820e-03 1.5747603226694700e-05 0.0000000000000000e+00 1.0000000000000000e+00
8.7489269660000002e-01 -1.1109691010386530e-01 4.9168814830863564e-02 -1.2257773412197925e-01 -2.4311814815684966e-03 1.6305102169162030e-05 0.0000000000000000e+00 1.0000000000000000e+00
8.8498761240000001e-01 -1.2884910324965174e-01 2.5005016836250296e-02 -1.3290439726969611e-01 -3.6472838961280900e-03 1.3613679501557103e-05 0.0000000000000000e+00 1.0000000000000000e+00
8.9508252810000000e-01 -1.4212821561409314e-01 -6.6235437330188149e-03 -1.4479108700413779e-01 -5.4717414466390751e-03 8.0084513351480527e-06 0.0000000000000000e+00 1.0000000000000000e+00
9.0517744379999998e-01 -1.4786285273359839e-01 -4.5746142355790109e-02 -1.5858254176576919e-01 -8.2386062113106451e-03 1.4276404246152229e-06 0.0000000000000000e+00 1.0000000000000000e+00
9.1527235959999997e-01 -1.4211773242963915e-01 -9.1329524105964455e-02 -1.7468470728343954e-01 -1.2477090095338875e-02 7.5076485255146797e-06 0.0000000000000000e+00 1.0000000000000000e+00
9.2536727529999996e-01 -1.2021018762351950e-01 -1.4048705409525775e-01 -1.9353335482486789e-01 -1.9026445871909266e-02 3.7783599038014131e-06 0.0000000000000000e+00 1.0000000000000000e+00
9.3546219100000005e-01 -7.7331804261555545e-02 -1.8734409615573136e-01 -2.1548917224528316e-01 -2.9206676902813328e-02 9.7150547892283378e-06 0.0000000000000000e+00 1.0000000000000000e+00
9.4555710670000004e-01 -1.0251003625385485e-02 -2.2172382917883005e-01 -2.4057056224256695e-01 -4.5037386763382078e-02 1.3076516068575535e-05 0.0000000000000000e+00 1.0000000000000000e+00
9.5565202250000003e-01 7.9081714645767298e-02 -2.2850009105593930e-01 -2.6786143707165799e-01 -6.9406039517462603e-02 1.2222992269066105e-05 0.0000000000000000e+00 1.0000000000000000e+00
9.6574693820000002e-01 1.7765196307848111e-01 -1.9000209571766460e-01 -2.9442689354183371e-01 -1.0582463876781049e-01 9.5453731443607853e-06 0.0000000000000000e+00 1.0000000000000000e+00
9.7584185390000000e-01 2.5595043537624007e-01 -9.5652464593233649e-02 -3.1394678199456505e-01 -1.5694391702713650e-01 7.1081293904759333e-06 0.0000000000000000e+00 1.0000000000000000e+00
9.7842601911799998e-01 2.6774485972575668e-01 -6.3447723332210298e-02 -3.1667191625241597e-01 -1.7234708910791505e-01 6.8520722064745055e-06 0.0000000000000000e+00 1.0000000000000000e+00
9.8593676969999999e-01 2.7316398250362356e-01 3.9905567111344541e-02 -3.1668942900183439e-01 -2.2098854824304739e-01 9.5615979070732211e-06 0.0000000000000000e+00 1.0000000000000000e+00
9.8840995808800003e-01 2.6438735190620727e-01 7.4206255727899004e-02 -3.1367031239832682e-01 -2.3769325994850449e-01 9.5000060467113855e-06 0.0000000000000000e+00 1.0000000000000000e+00
9.9603168539999998e-01 2.0539904774050466e-01 1.6590718392261816e-01 -2.9397964737715260e-01 -2.8793169906502258e-01 1.0219029141860730e-05 0.0000000000000000e+00 1.0000000000000000e+00
9.9839389705899995e-01 1.7903422025755356e-01 1.8701572790605431e-01 -2.8478990569181850e-01 -3.0230037853746983e-01 1.0516607876254314e-05 0.0000000000000000e+00 1.0000000000000000e+00
1.0061266010000001e+00 7.9742619768855105e-02 2.2280178886710636e-01 -2.4650164666134070e-01 -3.4193268351921058e-01 1.1698879204404586e-05 0.0000000000000000e+00 1.0000000000000000e+00
1.0083778360300000e+00 5.0383384814400703e-02 2.2324927195183236e-01 -2.3363688707262159e-01 -3.5086974500910417e-01 1.2373420431796199e-05 0.0000000000000000e+00 1.0000000000000000e+00
1.0162215170000000e+00 -3.8736418803133464e-02 1.9511740269571551e-01 -1.8647442175995074e-01 -3.7199622745066513e-01 1.3267909904849919e-05 0.0000000000000000e+00 1.0000000000000000e+00
1.0183617750000000e+00 -5.7642382372319348e-02 1.8139275968906976e-01 -1.7361664284554726e-01 -3.7516974420645655e-01 1.3448391560769335e-05 0.0000000000000000e+00 1.0000000000000000e+00
1.0263164330000001e+00 -1.0347924792580730e-01 1.2003144617008076e-01 -1.2856867493555005e-01 -3.7884034593691807e-01 1.3384010653784242e-05 0.0000000000000000e+00 1.0000000000000000e+00
1.0283457139700001e+00 -1.0922155665109345e-01 1.0369644834969630e-01 -1.1805957340308815e-01 -3.7808922106982390e-01 1.3313905495748076e-05 0.0000000000000000e+00 1.0000000000000000e+00
1.0364113479999999e+00 -1.1283707422671520e-01 4.4546320675402734e-02 -8.1061580628759247e-02 -3.7049901840913346e-01 1.2013392296346307e-05 0.0000000000000000e+00 1.0000000000000000e+00
1.0383296529399999e+00 -1.1017459888077399e-01 3.2637937266311631e-02 -7.3401840170923549e-02 -3.6791357190280582e-01 1.0975182209301728e-05 0.0000000000000000e+00 1.0000000000000000e+00
1.0465062640000000e+00 -9.0083581744747399e-02 -6.6376830290153796e-03 -4.5328087808190677e-02 -3.5511447302795807e-01 1.3521110197422693e-05 0.0000000000000000e+00 1.0000000000000000e+00
1.0483135919100000e+00 -8.4529291552342956e-02 -1.2825974336465800e-02 -4.0037912904273637e-02 -3.5206490654490907e-01 1.4728540565474846e-05 0.0000000000000000e+00 1.0000000000000000e+00
1.0566011799999999e+00 -5.8220114008608097e-02 -3.1144440390989538e-02 -1.9328369131508129e-02 -3.3790049055622157e-01 2.4190372959508990e-05 0.0000000000000000e+00 0.0000000000000000e+00
1.0582975308800000e+00 -5.3051605971456403e-02 -3.3148775728713900e-02 -1.5716911797871335e-02 -3.3503436339789178e-01 2.7764085261877264e-05 0.0000000000000000e+00 1.0000000000000000e+00
1.0666960960000000e+00 -3.0370284403296501e-02 -3.6751890239456290e-02 -3.3390681670754927e-04 -3.2133166446074540e-01 5.0928018641624971e-05 0.0000000000000000e+00 0.0000000000000000e+00
1.0682814698500001e+00 -2.6735450627928790e-02 -3.6522104016955083e-02 2.1693631555037510e-03 -3.1885358710824774e-01 5.7544510020079463e-05 0.0000000000000000e+00 1.0000000000000000e+00
1.0767910110000001e+00 -1.0966111512526499e-02 -3.2328516878750990e-02 1.3878503607693500e-02 -3.0617677793934661e-01 9.1497301328882902e-05 0.0000000000000000e+00 0.0000000000000000e+00
1.0782654088200001e+00 -8.8514232504453699e-03 -3.1265326069918463e-02 1.5648239648272382e-02 -3.0408426358192342e-01 9.8448815160739382e-05 0.0000000000000000e+00 0.0000000000000000e+00
1.0868859270000000e+00 3.3218545337756068e-04 -2.4290061049043809e-02 2.4705642275705163e-02 -2.9240373351075105e-01 1.4070398284350271e-04 0.0000000000000000e+00 0.0000000000000000e+00
1.0882493477899999e+00 1.3448830662604651e-03 -2.3153222518991424e-02 2.5949894951308158e-02 -2.9063835544031097e-01 1.4415784845381416e-04 0.0000000000000000e+00 0.0000000000000000e+00
1.0969808430000001e+00 5.6221940291920954e-03 -1.6262056389867156e-02 3.2800953824982583e-02 -2.7983446336409734e-01 1.8666996262095686e-04 0.0000000000000000e+00 0.0000000000000000e+00
1.1070757579999999e+00 7.1710493752885603e-03 -9.8158767212589444e-03 3.8386308797265158e-02 -2.6856390744124564e-01 2.1885438312454269e-04 0.0000000000000000e+00 0.0000000000000000e+00
1.1171706740000000e+00 6.7779005095246854e-03 -5.2867147643896346e-03 4.1701968439888985e-02 -2.5912392107634019e-01 2.3790974789502845e-04 0.0000000000000000e+00 0.0000000000000000e+00
1.1272655899999999e+00 5.6217407782394747e-03 -2.3991376636663376e-03 4.3480820076304952e-02 -2.5228384501004836e-01 3.6472684388451311e-04 0.0000000000000000e+00 0.0000000000000000e+00
1.1373605060000000e+00 4.3348902853568207e-03 -6.8624054124066705e-04 4.5203362115375109e-02 -2.4851640602538150e-01 6.2478186459283161e-04 0.0000000000000000e+00 0.0000000000000000e+00
1.1474554210000001e+00 3.1722158575807234e-03 2.7142189330162624e-04 4.8859868585178427e-02 -2.4728234491418560e-01 1.0323252934635683e-03 0.0000000000000000e+00 0.0000000000000000e+00
1.1575503370000000e+00 2.1928080098574730e-03 7.5691442447900449e-04 5.6131025036016149e-02 -2.4647710139411486e-01 1.5778455546764337e-03 0.0000000000000000e+00 0.0000000000000000e+00
1.1676452530000001e+00 1.3963037585537430e-03 9.3078665045943248e-04 6.7048456699321246e-02 -2.4266528509703925e-01 2.0685298220555451e-03 0.0000000000000000e+00 0.0000000000000000e+00
1.1777401690000000e+00 7.8577430610068304e-04 8.9086995300154646e-04 7.8866462873665999e-02 -2.3233111624771280e-01 2.2873370590479943e-03 0.0000000000000000e+00 0.0000000000000000e+00
1.1878350840000000e+00 3.6996488263068753e-04 7.2190158675849200e-04 8.5769523747821444e-02 -2.1407705680749961e-01 2.6087083483250376e-03 0.0000000000000000e+00 0.0000000000000000e+00
1.1979299999999999e+00 1.3997448002102961e-04 5.1213252963344452e-04 8.0667083920232696e-02 -1.9139313995389026e-01 4.2113990525378120e-03 0.0000000000000000e+00 0.0000000000000000e+00
