# Q = G M A_out^(2)/(A_1 A_2), strain amplitudes, Eq. (29); strain phases of Eq. (19) and (-1)^m' of Eq. (39) included; M = 1; r* = r + 2 log(r/2 - 1)
# sector=eee l1=3 m1=3 l2=3 m2=3 l=6 m=6 omega1=omega2=Momega_parent; symmetry factor: 1/2 included (identical parent l, m, omega)
# trusted: passes the 1% domain and auxiliary-diagnostic criteria
# rel_err: |Q(domain 2) - Q(domain 1)|/|Q|, two outer integration radii
# Momega_parent Re_Qin Im_Qin Re_Qout Im_Qout rel_err gap_before trusted
1.8179999999999999e-01 3.9754193616838001e-03 3.0849858879118176e-03 -5.0197890226290403e-03 3.5045183349396156e-04 1.7848949736192264e-05 0.0000000000000000e+00 1.0000000000000000e+00
1.9832727270000000e-01 5.0592751687588847e-03 3.4983564719079274e-03 -6.1329277800558548e-03 4.7113172214475422e-04 6.3964286078452282e-05 0.0000000000000000e+00 1.0000000000000000e+00
2.1485454549999999e-01 6.2599270226232854e-03 3.9898889500746566e-03 -7.3972907272996102e-03 6.2129557239045698e-04 7.2885992647774489e-05 0.0000000000000000e+00 1.0000000000000000e+00
2.3138181820000001e-01 7.5717381554283097e-03 4.6088956852192902e-03 -8.8274141382726993e-03 8.0620055275046451e-04 2.7406919311509179e-05 0.0000000000000000e+00 1.0000000000000000e+00
2.4790909089999999e-01 8.9835987985410898e-03 5.4167131966676996e-03 -1.0439376431530450e-02 1.0322050535047165e-03 5.5645577863776761e-05 0.0000000000000000e+00 1.0000000000000000e+00
2.6443636360000000e-01 1.0475883177115080e-02 6.4893726707072451e-03 -1.2253568524483069e-02 1.3064283886953505e-03 2.6461928130307279e-05 0.0000000000000000e+00 1.0000000000000000e+00
2.8096363639999999e-01 1.2012652370231689e-02 7.9157262898485042e-03 -1.4292695067375724e-02 1.6380526517533775e-03 5.1028376334575292e-05 0.0000000000000000e+00 1.0000000000000000e+00
2.9749090909999998e-01 1.3533240797319655e-02 9.7988190510582048e-03 -1.6583745833419955e-02 2.0371592376134660e-03 9.5922398859364937e-05 0.0000000000000000e+00 1.0000000000000000e+00
3.1401818180000002e-01 1.4942962979120710e-02 1.2252451695138540e-02 -1.9159686507331995e-02 2.5170517762090061e-03 8.9319418153185854e-05 0.0000000000000000e+00 1.0000000000000000e+00
3.3054545450000000e-01 1.6098750175087516e-02 1.5396864633901910e-02 -2.2061313051961854e-02 3.0936725763143894e-03 7.1297273182124510e-05 0.0000000000000000e+00 1.0000000000000000e+00
3.4707272729999999e-01 1.6790385967184119e-02 1.9345953292990731e-02 -2.5336773767525966e-02 3.7861413897625875e-03 1.3161741950214571e-05 0.0000000000000000e+00 1.0000000000000000e+00
3.6359999999999998e-01 1.6725338213003545e-02 2.4190841605005575e-02 -2.9049337077790949e-02 4.6196466685046941e-03 1.5205191824838810e-05 0.0000000000000000e+00 1.0000000000000000e+00
3.8012727270000002e-01 1.5504151007253116e-02 2.9968713037909496e-02 -3.3280002067394031e-02 5.6250790875502152e-03 1.3561312544460627e-05 0.0000000000000000e+00 1.0000000000000000e+00
3.9665454550000001e-01 1.2598999793525800e-02 3.6610368503306824e-02 -3.8131669474337840e-02 6.8411739896134353e-03 4.4374158538576919e-06 0.0000000000000000e+00 1.0000000000000000e+00
4.1318181820000000e-01 7.3409955489877003e-03 4.3873708548241595e-02 -4.3750271163237722e-02 8.3167831994696642e-03 3.9056136601601877e-05 0.0000000000000000e+00 1.0000000000000000e+00
4.2970909089999998e-01 -1.0819629181864124e-03 5.1215008319727147e-02 -5.0329635524902501e-02 1.0111997192671770e-02 3.3752152844465096e-05 0.0000000000000000e+00 1.0000000000000000e+00
4.4623636360000002e-01 -1.3582849548562726e-02 5.7623494631692751e-02 -5.8152374043275903e-02 1.2296407096631275e-02 2.1303390750380063e-05 0.0000000000000000e+00 1.0000000000000000e+00
4.6276363640000001e-01 -3.1039672597178394e-02 6.1352171033955148e-02 -6.7633190316540553e-02 1.4942089252816209e-02 1.7562002178423222e-05 0.0000000000000000e+00 1.0000000000000000e+00
4.7929090910000000e-01 -5.3940446134259752e-02 5.9544837610596403e-02 -7.9396628850885095e-02 1.8096896811425092e-02 1.0686066494190996e-05 0.0000000000000000e+00 1.0000000000000000e+00
4.9581818179999998e-01 -8.1558315534867795e-02 4.7816156581181345e-02 -9.4415461793206298e-02 2.1711125281986168e-02 7.9405898268859566e-06 0.0000000000000000e+00 1.0000000000000000e+00
5.1234545450000002e-01 -1.1018423470277805e-01 2.0125484920829436e-02 -1.1422538725403525e-01 2.5444061971115262e-02 1.6106371719078669e-05 0.0000000000000000e+00 1.0000000000000000e+00
5.2887272730000001e-01 -1.2989314683442860e-01 -2.9793751190995501e-02 -1.4123152654211099e-01 2.8159069684233141e-02 1.4557794952618491e-05 0.0000000000000000e+00 1.0000000000000000e+00
5.4540000000000000e-01 -1.2061271330370051e-01 -1.0222035539274285e-01 -1.7892985147063076e-01 2.6659061252223559e-02 7.7872252323299318e-06 0.0000000000000000e+00 1.0000000000000000e+00
5.6192727269999998e-01 -5.4515848593481853e-02 -1.7581269278072501e-01 -2.3092798031261705e-01 1.2843781201932240e-02 2.6215061112151308e-06 0.0000000000000000e+00 1.0000000000000000e+00
5.7845454549999997e-01 7.4243050844417804e-02 -1.8971420414293394e-01 -2.9461522199690598e-01 -3.0170853434993566e-02 9.3453623433563720e-06 0.0000000000000000e+00 1.0000000000000000e+00
5.9388481211999999e-01 1.8163307010571461e-01 -9.2622624142990800e-02 -3.4234295246377372e-01 -1.1364569869571935e-01 1.1753007033551622e-05 0.0000000000000000e+00 1.0000000000000000e+00
5.9498181819999996e-01 1.8550045693063566e-01 -8.2181707808001006e-02 -3.4419519869715864e-01 -1.2114501216451380e-01 1.1716333982017964e-05 0.0000000000000000e+00 1.0000000000000000e+00
5.9994486122299995e-01 1.9379238773400320e-01 -3.2697044608976412e-02 -3.4872526767462547e-01 -1.5669239179140509e-01 1.5965276603893372e-05 0.0000000000000000e+00 1.0000000000000000e+00
6.0600491032600001e-01 1.8293993205668405e-01 2.6201860651154357e-02 -3.4478318638863337e-01 -2.0153344369698556e-01 1.2473799931697600e-05 0.0000000000000000e+00 1.0000000000000000e+00
6.1150909090000005e-01 1.5585212359955844e-01 7.0231691393021295e-02 -3.3206628992960024e-01 -2.4050306032637031e-01 1.1781613069839098e-05 0.0000000000000000e+00 1.0000000000000000e+00
6.1206495942899997e-01 1.5242545571375166e-01 7.3933972363896247e-02 -3.3033842289549753e-01 -2.4422898835693846e-01 1.4138669413153907e-05 0.0000000000000000e+00 1.0000000000000000e+00
6.1812500853300001e-01 1.1026453132315590e-01 1.0395171882219741e-01 -3.0711586007867220e-01 -2.8123283663656684e-01 1.6318577518396287e-05 0.0000000000000000e+00 1.0000000000000000e+00
6.2418505763599996e-01 6.5861824353092555e-02 1.1508835528800050e-01 -2.7812629886236906e-01 -3.1036936167185553e-01 1.2539660177393004e-05 0.0000000000000000e+00 1.0000000000000000e+00
6.2803636360000004e-01 4.0049391421838380e-02 1.1376950732282209e-01 -2.5822055532690891e-01 -3.2450642982173095e-01 1.4194946520614099e-05 0.0000000000000000e+00 1.0000000000000000e+00
6.3024510673900003e-01 2.6731024442329793e-02 1.1070575077077276e-01 -2.4664763581306304e-01 -3.3113798490434487e-01 1.4513290782985957e-05 0.0000000000000000e+00 1.0000000000000000e+00
6.3630515584199998e-01 -3.0904305013114944e-03 9.6310660246593002e-02 -2.1537116964263681e-01 -3.4435492422271818e-01 1.6924109144970750e-05 0.0000000000000000e+00 1.0000000000000000e+00
6.4236520494600002e-01 -2.2792562843789613e-02 7.7305914102633697e-02 -1.8605345439992110e-01 -3.5150891542045604e-01 2.6814652983269101e-05 0.0000000000000000e+00 1.0000000000000000e+00
6.4456363640000003e-01 -2.7645860289183876e-02 7.0114315652304707e-02 -1.7609205484183804e-01 -3.5292316048327588e-01 2.5697115078578192e-05 0.0000000000000000e+00 0.0000000000000000e+00
6.4842525404899998e-01 -3.3630690837227258e-02 5.7756849453425053e-02 -1.5956014695421394e-01 -3.5421064833184540e-01 3.1791395886825059e-05 0.0000000000000000e+00 1.0000000000000000e+00
6.5448530315200004e-01 -3.7730254748708461e-02 4.0127348558421587e-02 -1.3611061008516451e-01 -3.5387085984432681e-01 3.9209890359428007e-05 0.0000000000000000e+00 1.0000000000000000e+00
6.6054535225500000e-01 -3.7271331516003016e-02 2.5555164223905254e-02 -1.1553912129909140e-01 -3.5156537691739015e-01 5.5655585962287137e-05 0.0000000000000000e+00 1.0000000000000000e+00
6.6109090910000001e-01 -3.7072626118054661e-02 2.4406490980720529e-02 -1.1381555615980116e-01 -3.5128935314768228e-01 5.4110185907572223e-05 0.0000000000000000e+00 0.0000000000000000e+00
6.6660540135900004e-01 -3.4085624850349584e-02 1.4287733776738766e-02 -9.7492991555440348e-02 -3.4803716876347823e-01 7.1543262267519282e-05 0.0000000000000000e+00 1.0000000000000000e+00
6.7761818180000000e-01 -2.5463923024034597e-02 1.2982798965648634e-03 -6.9948924794168144e-02 -3.3983240421878919e-01 9.5622097568790761e-05 0.0000000000000000e+00 0.0000000000000000e+00
6.9414545449999998e-01 -1.3223210350128500e-02 -5.8347907838772048e-03 -3.8511232684024184e-02 -3.2491319572224886e-01 1.1526809937487224e-04 0.0000000000000000e+00 0.0000000000000000e+00
7.1067272729999997e-01 -5.5375464897970796e-03 -5.9532288435906354e-03 -1.8152785021998120e-02 -3.0847863912047963e-01 1.0908185117428968e-04 0.0000000000000000e+00 0.0000000000000000e+00
7.2719999999999996e-01 -1.8187520484175955e-03 -4.2455898969616691e-03 -9.2802066795676808e-03 -2.9584247306586198e-01 3.7250224010804443e-04 0.0000000000000000e+00 0.0000000000000000e+00
7.4372727270000005e-01 -2.7632148630263141e-04 -2.7167575337221127e-03 -5.8439135700596003e-03 -2.9541569221259639e-01 8.5430664561099315e-04 0.0000000000000000e+00 0.0000000000000000e+00
7.6025454550000005e-01 3.5996349444240020e-04 -1.6450530828518684e-03 8.2347545366544851e-03 -3.0743301105324666e-01 1.0258493923016527e-03 0.0000000000000000e+00 0.0000000000000000e+00
7.7678181820000003e-01 5.6700490126997496e-04 -8.5094513861094204e-04 4.6244545717688185e-02 -3.1138217264682316e-01 1.2907845033551441e-03 0.0000000000000000e+00 0.0000000000000000e+00
7.9330909090000001e-01 4.6729359004352551e-04 -3.0267716897285112e-04 9.0746271521230146e-02 -2.7375911818788234e-01 3.6885778844719958e-03 0.0000000000000000e+00 0.0000000000000000e+00
8.0983636360000000e-01 2.3082220754674839e-04 -6.2738438249515096e-05 8.2542351519155954e-02 -1.9099029655289154e-01 9.9877312382950136e-03 0.0000000000000000e+00 0.0000000000000000e+00
8.2636363639999999e-01 7.6565537845438105e-05 -6.4035956969518852e-05 -3.3485651464697869e-02 -1.4156969799416899e-01 2.1647545462989869e-02 0.0000000000000000e+00 0.0000000000000000e+00
8.4289090909999997e-01 8.4130596397570106e-05 -1.0672127550841500e-04 -1.9693546253317545e-01 -2.6620912951944897e-01 1.2025147814347702e-02 0.0000000000000000e+00 0.0000000000000000e+00
8.5941818179999996e-01 1.4498391190926631e-04 -5.2108075878099197e-05 -1.6506509192912294e-01 -6.0413020424139052e-01 1.3844403441598261e-02 0.0000000000000000e+00 0.0000000000000000e+00
8.7594545450000005e-01 1.2293935392089985e-04 6.0354405721888051e-05 3.2278209707623251e-01 -8.6876718565071898e-01 2.0797840742232593e-02 0.0000000000000000e+00 0.0000000000000000e+00
8.9247272730000005e-01 1.2475929657246545e-05 1.0644676282323300e-04 1.1153083307658416e+00 -4.5586556664292244e-01 2.2552536858085302e-02 0.0000000000000000e+00 0.0000000000000000e+00
9.0900000000000003e-01 -7.6383369151610949e-05 4.0133296651868790e-05 1.2778841762879729e+00 9.7649738726010904e-01 1.7289834422538796e-02 0.0000000000000000e+00 0.0000000000000000e+00
