# Q = G M A_out^(2)/(A_1 A_2), strain amplitudes, Eq. (29); strain phases of Eq. (19) and (-1)^m' of Eq. (39) included; M = 1; r* = r + 2 log(r/2 - 1)
# sector=eee l1=2 m1=2 l2=2 m2=2 l=4 m=4 omega1=omega2=Momega_parent; symmetry factor: 1/2 included (identical parent l, m, omega)
# trusted: passes the 1% domain and auxiliary-diagnostic criteria
# rel_err: |Q(domain 2) - Q(domain 1)|/|Q|, two outer integration radii
# Momega_parent Re_Qin Im_Qin Re_Qout Im_Qout rel_err gap_before trusted
1.2137700000000000e-01 -6.2846476582930548e-04 7.5181293455013152e-03 -7.4134041612036348e-03 1.4000554665600500e-03 5.5648059768910886e-04 0.0000000000000000e+00 1.0000000000000000e+00
1.3241127270000000e-01 -5.8493977235107397e-04 9.1514178543251647e-03 -8.9776616823692892e-03 1.8698926862061194e-03 1.5161073906997126e-04 0.0000000000000000e+00 1.0000000000000000e+00
1.4344554549999999e-01 -6.1874041092569050e-04 1.0994171140994975e-02 -1.0735622875491416e-02 2.4521053110621127e-03 3.3092837913364410e-04 0.0000000000000000e+00 1.0000000000000000e+00
1.5447981820000001e-01 -7.8960970607526405e-04 1.3056453137514220e-02 -1.2693451416285835e-02 3.1624878125959609e-03 2.9507804416196623e-04 0.0000000000000000e+00 1.0000000000000000e+00
1.6551409089999999e-01 -1.1717994704550354e-03 1.5356522230550920e-02 -1.4868899293054840e-02 4.0233965801026164e-03 2.7228164334530702e-04 0.0000000000000000e+00 1.0000000000000000e+00
1.7654836360000001e-01 -1.8581096997674330e-03 1.7904724884901004e-02 -1.7280295951002955e-02 5.0601407539325703e-03 2.4973977815354384e-04 0.0000000000000000e+00 1.0000000000000000e+00
1.8758263640000000e-01 -2.9645755330910497e-03 2.0704038169591304e-02 -1.9953464461860176e-02 6.3029418603770850e-03 3.8585698003489673e-04 0.0000000000000000e+00 1.0000000000000000e+00
1.9861690909999999e-01 -4.6286219506843978e-03 2.3726198605412200e-02 -2.2905954385863844e-02 7.7862504566552897e-03 2.0208408818800288e-04 0.0000000000000000e+00 1.0000000000000000e+00
2.0965118180000000e-01 -7.0234830962282802e-03 2.6928720693031021e-02 -2.6178965130383081e-02 9.5522457419757907e-03 3.5159994635188197e-05 0.0000000000000000e+00 1.0000000000000000e+00
2.2068545449999999e-01 -1.0349663676644735e-02 3.0223633960336234e-02 -2.9819592803501559e-02 1.1658193638154291e-02 2.5785588608208260e-05 0.0000000000000000e+00 1.0000000000000000e+00
2.3171972730000001e-01 -1.4845902875361481e-02 3.3444557404729243e-02 -3.3882316606521988e-02 1.4162742962333269e-02 4.2691014844029677e-06 0.0000000000000000e+00 1.0000000000000000e+00
2.4275400000000000e-01 -2.0777397070417446e-02 3.6335003359651466e-02 -3.8447202746146172e-02 1.7146989321118786e-02 1.2643426198513286e-04 0.0000000000000000e+00 1.0000000000000000e+00
2.5378827269999998e-01 -2.8414402025136756e-02 3.8483185760098078e-02 -4.3608833638414203e-02 2.0705220752182157e-02 2.0384291754374170e-04 0.0000000000000000e+00 1.0000000000000000e+00
2.6482254550000001e-01 -3.7999334997459729e-02 3.9272942633709867e-02 -4.9503085753211599e-02 2.4948156831038036e-02 1.5972934061012355e-04 0.0000000000000000e+00 1.0000000000000000e+00
2.7585681820000002e-01 -4.9667285639213021e-02 3.7826039425460582e-02 -5.6334153994071150e-02 3.0020953775723995e-02 2.0489267905250162e-04 0.0000000000000000e+00 1.0000000000000000e+00
2.8689109089999998e-01 -6.3266414005725052e-02 3.2901121110714790e-02 -6.4369553771639346e-02 3.6079239044650734e-02 1.1612990622707034e-04 0.0000000000000000e+00 1.0000000000000000e+00
2.9792536359999999e-01 -7.8115091187451205e-02 2.2914604738278641e-02 -7.4019052740710856e-02 4.3316358218841430e-02 3.8416781068418703e-05 0.0000000000000000e+00 1.0000000000000000e+00
3.0895963640000002e-01 -9.2583872082686855e-02 6.0356541184541047e-03 -8.5891655040734205e-02 5.1919032512693898e-02 8.7060269039601656e-05 0.0000000000000000e+00 1.0000000000000000e+00
3.1999390909999997e-01 -1.0352423701060180e-01 -1.9325612845036061e-02 -1.0084908776981220e-01 6.2005823766888651e-02 3.8135580096968000e-05 0.0000000000000000e+00 1.0000000000000000e+00
3.3102818179999999e-01 -1.0597570776322245e-01 -5.3450465011205352e-02 -1.2023653209802430e-01 7.3546440576737745e-02 1.5570398605050339e-05 0.0000000000000000e+00 1.0000000000000000e+00
3.4206245450000000e-01 -9.3395973939099999e-02 -9.3510508529508998e-02 -1.4594144751903854e-01 8.6004914243293457e-02 9.0217768729686251e-05 0.0000000000000000e+00 1.0000000000000000e+00
3.5309672730000002e-01 -5.9819014894443898e-02 -1.3154760427992171e-01 -1.8060627382386166e-01 9.7818178299930697e-02 4.4453644113293768e-06 0.0000000000000000e+00 1.0000000000000000e+00
3.6413099999999998e-01 -4.2606915342113510e-03 -1.5379954070967339e-01 -2.2717913177854709e-01 1.0522201866715075e-01 6.3385910575873587e-06 0.0000000000000000e+00 1.0000000000000000e+00
3.7516527270000000e-01 6.3334891741702051e-02 -1.4457667037789310e-01 -2.8742540176339487e-01 1.0086710367340875e-01 1.4422442997821271e-05 0.0000000000000000e+00 1.0000000000000000e+00
3.8619954550000002e-01 1.1977546615250954e-01 -9.6627102298780257e-02 -3.5770449228125728e-01 7.3586105837519400e-02 5.1033647004215474e-05 0.0000000000000000e+00 1.0000000000000000e+00
3.9649740499100000e-01 1.3856136113152701e-01 -2.8952685505904421e-02 -4.1981929723979650e-01 1.8865610084412579e-02 9.0526449793235705e-05 0.0000000000000000e+00 1.0000000000000000e+00
3.9723381819999998e-01 1.3828610791844650e-01 -2.3965619374719499e-02 -4.2361501209308133e-01 1.3832675848058930e-02 4.0556936836319942e-05 0.0000000000000000e+00 1.0000000000000000e+00
4.0054329687800000e-01 1.3445720593719090e-01 -2.2600442662047771e-03 -4.3912049861306657e-01 -1.0326013650176965e-02 2.9774933896226875e-05 0.0000000000000000e+00 1.0000000000000000e+00
4.0054410000000001e-01 1.3446751410805435e-01 -2.2626580291067152e-03 -4.3916322847115469e-01 -1.0308598707877450e-02 7.5034940535354311e-05 0.0000000000000000e+00 1.0000000000000000e+00
4.0458918876599997e-01 1.2453635848605585e-01 2.1651374906840454e-02 -4.5401499196308837e-01 -4.2687487410025537e-02 1.7653412900623134e-04 0.0000000000000000e+00 1.0000000000000000e+00
4.0661294999999997e-01 1.1772823119440710e-01 3.2114585166216542e-02 -4.5943423852967974e-01 -5.9774725623293799e-02 6.2420804521145221e-05 0.0000000000000000e+00 0.0000000000000000e+00
4.0826809089999999e-01 1.1145906195517295e-01 3.9779126131097069e-02 -4.6291453603289490e-01 -7.3962079796613747e-02 1.4865107692555810e-04 0.0000000000000000e+00 0.0000000000000000e+00
4.0863508065400000e-01 1.0999125902385390e-01 4.1366794383752979e-02 -4.6355123520219538e-01 -7.7137774299208955e-02 1.4323718758966000e-04 0.0000000000000000e+00 1.0000000000000000e+00
4.1268097254100000e-01 9.2482510377289301e-02 5.5997782110729498e-02 -4.6754916417694364e-01 -1.1224142065425485e-01 1.5777582345522154e-04 0.0000000000000000e+00 1.0000000000000000e+00
4.1268179999999999e-01 9.2474409265073457e-02 5.5999754348233302e-02 -4.6753040927818124e-01 -1.1225242479180896e-01 1.1814655776193678e-04 0.0000000000000000e+00 0.0000000000000000e+00
4.1672686442899998e-01 7.3701094112975707e-02 6.5321559070002047e-02 -4.6606537504129503e-01 -1.4667410351668711e-01 2.5005612546043536e-05 0.0000000000000000e+00 1.0000000000000000e+00
4.1875065000000000e-01 6.4345539016358644e-02 6.8086712238607655e-02 -4.6352585444591787e-01 -1.6322430858631570e-01 3.0847938312333469e-05 0.0000000000000000e+00 0.0000000000000000e+00
4.1930236360000001e-01 6.1829981587446348e-02 6.8636755123575505e-02 -4.6263619726872407e-01 -1.6764291178186799e-01 4.3099194655199466e-05 0.0000000000000000e+00 0.0000000000000000e+00
4.2077275631700001e-01 5.5231287746537398e-02 6.9693945677995348e-02 -4.5984579290116778e-01 -1.7917592036569815e-01 2.3919718273517306e-05 0.0000000000000000e+00 1.0000000000000000e+00
4.2481864820400000e-01 3.8227272097827142e-02 6.9891734643357753e-02 -4.4959703491547265e-01 -2.0897055715483626e-01 2.3169273183642840e-05 0.0000000000000000e+00 1.0000000000000000e+00
4.2481950000000002e-01 3.8234881921039708e-02 6.9892829149031596e-02 -4.4965476219332168e-01 -2.0894311560783466e-01 1.2146435447078213e-04 0.0000000000000000e+00 0.0000000000000000e+00
4.2886454009199998e-01 2.3465927845945759e-02 6.6886959891339401e-02 -4.3634015763616368e-01 -2.3544167986348485e-01 7.3509436572268534e-05 0.0000000000000000e+00 1.0000000000000000e+00
4.3033663640000003e-01 1.8723922607495461e-02 6.5195491788932955e-02 -4.3090393532204019e-01 -2.4422254768631790e-01 2.3975748501044758e-05 0.0000000000000000e+00 0.0000000000000000e+00
4.3291043198000001e-01 1.1287412031591264e-02 6.1685779241341249e-02 -4.2094744479568086e-01 -2.5844358543117951e-01 1.1461985107502123e-04 0.0000000000000000e+00 0.0000000000000000e+00
4.3695632386700001e-01 1.7290895294437894e-03 5.5183785779571448e-02 -4.0423764589642736e-01 -2.7796296664740894e-01 8.1247566922904783e-05 0.0000000000000000e+00 0.0000000000000000e+00
4.4100221575499998e-01 -5.3922870435300146e-03 4.8118890460661763e-02 -3.8694609513042494e-01 -2.9419902749003773e-01 3.9112509533117827e-05 0.0000000000000000e+00 0.0000000000000000e+00
4.4137090909999999e-01 -5.9282181099528297e-03 4.7467426209579881e-02 -3.8537178400748501e-01 -2.9550630063031652e-01 4.0721760212253742e-05 0.0000000000000000e+00 0.0000000000000000e+00
4.5240518180000000e-01 -1.5203786042869160e-02 2.9253768610339126e-02 -3.3952691984012712e-01 -3.2486680043248495e-01 5.2500329434254916e-05 0.0000000000000000e+00 0.0000000000000000e+00
4.6343945450000001e-01 -1.5973188030778705e-02 1.5834485226923645e-02 -3.0034521636951722e-01 -3.3913150261815944e-01 1.0741770754885133e-04 0.0000000000000000e+00 0.0000000000000000e+00
4.7447372729999998e-01 -1.3385640737123805e-02 7.4740064160074803e-03 -2.7013012965074157e-01 -3.4487795336256860e-01 1.0452320669272754e-04 0.0000000000000000e+00 0.0000000000000000e+00
4.8550800000000000e-01 -1.0150403186137604e-02 2.7958664191118643e-03 -2.4879746741532269e-01 -3.4794771516942308e-01 2.2112399907406888e-04 0.0000000000000000e+00 0.0000000000000000e+00
4.9654227270000001e-01 -7.3099529714168096e-03 3.5886219733760930e-04 -2.3357155274565691e-01 -3.5285352898486150e-01 1.4445717221868345e-04 0.0000000000000000e+00 0.0000000000000000e+00
5.0757654549999998e-01 -5.0792040804156146e-03 -8.3139986623453649e-04 -2.1975180484473286e-01 -3.6203345460391406e-01 4.0259285759175966e-04 0.0000000000000000e+00 0.0000000000000000e+00
5.1861081819999999e-01 -3.3806830862461029e-03 -1.3324907888694454e-03 -2.0172543207100699e-01 -3.7443780841162422e-01 4.8583327724837294e-04 0.0000000000000000e+00 0.0000000000000000e+00
5.2964509090000000e-01 -2.1022696469022921e-03 -1.4207087673633835e-03 -1.7515192290794954e-01 -3.8398345155583430e-01 1.1173703436056770e-03 0.0000000000000000e+00 0.0000000000000000e+00
5.4067936360000002e-01 -1.1863774248607455e-03 -1.2509018305258434e-03 -1.4141624479390966e-01 -3.8169956789243231e-01 1.8669585930634167e-03 0.0000000000000000e+00 0.0000000000000000e+00
5.5171363640000004e-01 -5.9818701844031354e-04 -9.4956315168676097e-04 -1.0924411577180385e-01 -3.5939650742252066e-01 1.9877790863586957e-03 0.0000000000000000e+00 0.0000000000000000e+00
5.6274790910000005e-01 -2.8879923434730421e-04 -6.3124862713509000e-04 -9.4810362441746954e-02 -3.1495311240496332e-01 2.5733699556766015e-03 0.0000000000000000e+00 0.0000000000000000e+00
5.7378218179999996e-01 -1.8314152404905136e-04 -3.8995053749903439e-04 -1.1943771934852340e-01 -2.6267556325778396e-01 2.7516808730072462e-03 0.0000000000000000e+00 0.0000000000000000e+00
5.8481645449999997e-01 -1.7526824338150369e-04 -2.6666671110037068e-04 -1.9157093379547971e-01 -2.3306813146448185e-01 7.2238727906815854e-03 0.0000000000000000e+00 0.0000000000000000e+00
5.9585072729999999e-01 -1.7273224053228291e-04 -2.4102087462208661e-04 -2.9481587191204689e-01 -2.6311041685264425e-01 4.2274686302643440e-03 0.0000000000000000e+00 0.0000000000000000e+00
6.0688500000000001e-01 -1.2630116551504429e-04 -2.6384774775145277e-04 -3.8429366363710254e-01 -3.9160140961426199e-01 1.2082806727506602e-02 0.0000000000000000e+00 0.0000000000000000e+00
