# Q = G M A_out^(2)/(A_1 A_2), strain amplitudes, Eq. (29); strain phases of Eq. (19) and (-1)^m' of Eq. (39) included; M = 1; r* = r + 2 log(r/2 - 1)
# sector=eee l1=4 m1=4 l2=4 m2=4 l=8 m=8 omega1=omega2=Momega_parent; symmetry factor: 1/2 included (identical parent l, m, omega)
# trusted: passes the 1% domain and auxiliary-diagnostic criteria
# rel_err: |Q(domain 2) - Q(domain 1)|/|Q|, two outer integration radii
# Momega_parent Re_Qin Im_Qin Re_Qout Im_Qout rel_err gap_before trusted
2.4090900000000001e-01 4.3389487355698156e-03 -1.0077075386560905e-03 -4.4525710458879928e-03 1.2869226012145554e-04 1.9051251948332750e-04 0.0000000000000000e+00 1.0000000000000000e+00
2.4902952810000001e-01 4.6473237438202451e-03 -1.2414136628069185e-03 -4.8081210924257201e-03 1.4386600874096201e-04 1.7597168134736045e-04 0.0000000000000000e+00 1.0000000000000000e+00
2.5715005619999998e-01 4.9669004674243091e-03 -1.4855652451996205e-03 -5.1818246796245752e-03 1.6030393434836334e-04 9.7939543879387109e-05 0.0000000000000000e+00 1.0000000000000000e+00
2.6527058430000000e-01 5.2990502282843199e-03 -1.7386908301827164e-03 -5.5741590467512248e-03 1.7812935117482830e-04 2.7007310169226685e-05 0.0000000000000000e+00 1.0000000000000000e+00
2.7339111240000002e-01 5.6457297052328551e-03 -1.9992061446844709e-03 -5.9859939856619047e-03 1.9739592669222285e-04 8.9011054526603033e-05 0.0000000000000000e+00 1.0000000000000000e+00
2.8151164039999999e-01 6.0087227086577447e-03 -2.2653005971694333e-03 -6.4178442105023801e-03 2.1819976269442636e-04 1.7330884308845371e-04 0.0000000000000000e+00 1.0000000000000000e+00
2.8963216850000001e-01 6.3901782354255149e-03 -2.5350653916749455e-03 -6.8704446509898504e-03 2.4067577039956026e-04 2.1108069363087717e-04 0.0000000000000000e+00 1.0000000000000000e+00
2.9775269659999998e-01 6.7926408816646397e-03 -2.8063927082977620e-03 -7.3447695497837603e-03 2.6489739355140945e-04 2.2241603528896583e-04 0.0000000000000000e+00 1.0000000000000000e+00
3.0587322470000000e-01 7.2184446369486701e-03 -3.0767266788330745e-03 -7.8414017338362257e-03 2.9087661568795095e-04 1.7801193310139940e-04 0.0000000000000000e+00 1.0000000000000000e+00
3.1399375280000003e-01 7.6703656168972652e-03 -3.3436380581855613e-03 -8.3613826778540807e-03 3.1891131830970873e-04 1.1506918824521806e-04 0.0000000000000000e+00 1.0000000000000000e+00
3.2211428089999999e-01 8.1511013764474401e-03 -3.6039260476376997e-03 -8.9054458619057253e-03 3.4895779724776038e-04 2.9051237748087558e-05 0.0000000000000000e+00 1.0000000000000000e+00
3.3023480900000002e-01 8.6636018132297005e-03 -3.8543748163335999e-03 -9.4746424395768993e-03 3.8125296268851409e-04 5.6311421810022122e-05 0.0000000000000000e+00 1.0000000000000000e+00
3.3835533709999999e-01 9.2108914133118055e-03 -4.0910338965707950e-03 -1.0069967174644369e-02 4.1574355501826577e-04 1.1965088827102068e-04 0.0000000000000000e+00 1.0000000000000000e+00
3.4647586520000001e-01 9.7959585220616045e-03 -4.3098783238980313e-03 -1.0692560508165845e-02 4.5277883549720921e-04 1.4702764398572297e-04 0.0000000000000000e+00 1.0000000000000000e+00
3.5459639329999998e-01 1.0421835778610205e-02 -4.5060389454891657e-03 -1.1343570591469246e-02 4.9240369114867712e-04 1.3605292028265789e-04 0.0000000000000000e+00 1.0000000000000000e+00
3.6271692129999999e-01 1.1091331727679916e-02 -4.6740857860544461e-03 -1.2024091064379299e-02 5.3475533079170299e-04 1.0297363220593237e-04 0.0000000000000000e+00 1.0000000000000000e+00
3.7083744940000002e-01 1.1807240605799265e-02 -4.8081171744493436e-03 -1.2735478641747535e-02 5.8010722148839203e-04 5.0223539964529757e-05 0.0000000000000000e+00 1.0000000000000000e+00
3.7895797749999999e-01 1.2572229578528505e-02 -4.9012947636899087e-03 -1.3479193200482286e-02 6.2851298205358604e-04 1.5711633536049423e-05 0.0000000000000000e+00 1.0000000000000000e+00
3.8707850560000001e-01 1.3388341234982865e-02 -4.9460784668463598e-03 -1.4256532701760884e-02 6.8021937709556552e-04 8.5452368212357083e-05 0.0000000000000000e+00 1.0000000000000000e+00
3.9519903369999998e-01 1.4257396664058630e-02 -4.9341347783202500e-03 -1.5069114377153366e-02 7.3547085964402795e-04 1.1999576750569656e-04 0.0000000000000000e+00 1.0000000000000000e+00
4.0331956180000000e-01 1.5180947182963905e-02 -4.8561606569430676e-03 -1.5918935534305519e-02 7.9440068393715204e-04 1.4984012429715670e-04 0.0000000000000000e+00 1.0000000000000000e+00
4.1144008989999997e-01 1.6159151242888616e-02 -4.7018410737677133e-03 -1.6807459789723957e-02 8.5730729533538351e-04 1.5043757885621089e-04 0.0000000000000000e+00 1.0000000000000000e+00
4.1956061800000000e-01 1.7191529589805243e-02 -4.4598635641668900e-03 -1.7736538729160006e-02 9.2443807299571405e-04 1.1967083086858545e-04 0.0000000000000000e+00 1.0000000000000000e+00
4.2768114610000002e-01 1.8276912215762529e-02 -4.1179118635628282e-03 -1.8708584962972504e-02 9.9602673331067207e-04 8.3100073419617012e-05 0.0000000000000000e+00 1.0000000000000000e+00
4.3580167419999999e-01 1.9412352067499299e-02 -3.6625906170978692e-03 -1.9725736445686884e-02 1.0724233875159645e-03 4.1095272748559244e-05 0.0000000000000000e+00 1.0000000000000000e+00
4.4392220220000000e-01 2.0593250157949990e-02 -3.0793851092707058e-03 -2.0790243351771199e-02 1.1539393032153615e-03 6.9733155355772952e-06 0.0000000000000000e+00 1.0000000000000000e+00
4.5204273029999997e-01 2.1813534634019308e-02 -2.3527611045806628e-03 -2.1904974802440549e-02 1.2408751143791316e-03 3.3303729005285374e-05 0.0000000000000000e+00 1.0000000000000000e+00
4.6016325840000000e-01 2.3064394552429875e-02 -1.4663527924776215e-03 -2.3072507518920551e-02 1.3337363376812355e-03 5.8121693095250885e-05 0.0000000000000000e+00 1.0000000000000000e+00
4.6828378650000002e-01 2.4334869795431164e-02 -4.0267449088193173e-04 -2.4296086854415474e-02 1.4327560655846166e-03 6.6590768282138820e-05 0.0000000000000000e+00 1.0000000000000000e+00
4.7640431459999999e-01 2.5610799286568259e-02 8.5602199049566400e-04 -2.5579005570373656e-02 1.5386251793473285e-03 6.0194856061240484e-05 0.0000000000000000e+00 1.0000000000000000e+00
4.8452484270000001e-01 2.6874505549238419e-02 2.3283887344314712e-03 -2.6924776949246474e-02 1.6515792873338249e-03 4.7614171439180752e-05 0.0000000000000000e+00 1.0000000000000000e+00
4.9264537079999998e-01 2.8104855304089640e-02 4.0328737377376333e-03 -2.8337655737129319e-02 1.7722648144474825e-03 2.1055022714359217e-05 0.0000000000000000e+00 1.0000000000000000e+00
5.0076589890000001e-01 2.9275920354006179e-02 5.9875834414959651e-03 -2.9821821780265059e-02 1.9013548328135235e-03 7.0799901152442223e-06 0.0000000000000000e+00 1.0000000000000000e+00
5.0888642699999997e-01 3.0357059308242944e-02 8.2099708436279457e-03 -3.1382072673933011e-02 2.0394021258523663e-03 3.1338474499358435e-05 0.0000000000000000e+00 1.0000000000000000e+00
5.1700695510000005e-01 3.1312565859813325e-02 1.0716009713870520e-02 -3.3024014585159127e-02 2.1871136493045503e-03 4.2277211925819682e-05 0.0000000000000000e+00 1.0000000000000000e+00
5.2512748310000001e-01 3.2100342413422828e-02 1.3519128179645529e-02 -3.4753252377690044e-02 2.3453120808630129e-03 5.8309543540979397e-05 0.0000000000000000e+00 1.0000000000000000e+00
5.3324801119999998e-01 3.2672245806171021e-02 1.6629648526383586e-02 -3.6576407440013857e-02 2.5147921851008397e-03 6.4071781979954033e-05 0.0000000000000000e+00 1.0000000000000000e+00
5.4136853929999995e-01 3.2973454642388954e-02 2.0053314852658471e-02 -3.8500910121378809e-02 2.6965632675047353e-03 6.2542163574496340e-05 0.0000000000000000e+00 1.0000000000000000e+00
5.4948906740000003e-01 3.2941756126540239e-02 2.3789937622893331e-02 -4.0534835276461956e-02 2.8915825426299572e-03 5.1299680163885783e-05 0.0000000000000000e+00 1.0000000000000000e+00
5.5760959550000000e-01 3.2507891061715949e-02 2.7831861417965880e-02 -4.2687625775994081e-02 3.1009641817783895e-03 3.7565110451313843e-05 0.0000000000000000e+00 1.0000000000000000e+00
5.6573012359999997e-01 3.1594878392519170e-02 3.2161691498421976e-02 -4.4969596776869340e-02 3.3258367741932004e-03 2.0726851326539311e-05 0.0000000000000000e+00 1.0000000000000000e+00
5.7385065170000005e-01 3.0118593219772893e-02 3.6749992191188734e-02 -4.7392429725280766e-02 3.5675267293009895e-03 1.9927281597718840e-07 0.0000000000000000e+00 1.0000000000000000e+00
5.8197117980000002e-01 2.7988327049454340e-02 4.1553222195083367e-02 -4.9969919327234026e-02 3.8272713175076362e-03 2.4942937906056879e-05 0.0000000000000000e+00 1.0000000000000000e+00
5.9009170789999998e-01 2.5107282508547744e-02 4.6510035501948176e-02 -5.2717577239744802e-02 4.1062894463016674e-03 3.9514320293229013e-05 0.0000000000000000e+00 1.0000000000000000e+00
5.9821223599999995e-01 2.1374407556674926e-02 5.1537961239034751e-02 -5.5653356198112652e-02 4.4059062054667419e-03 4.8309731259433724e-05 0.0000000000000000e+00 1.0000000000000000e+00
6.0633276400000002e-01 1.6686365050058244e-02 5.6529782827411848e-02 -5.8798349618303297e-02 4.7272172004968463e-03 4.7503176236582066e-05 0.0000000000000000e+00 1.0000000000000000e+00
6.1445329209999999e-01 1.0940380797493510e-02 6.1348550128104952e-02 -6.2176888453057452e-02 5.0709083222123252e-03 3.9675860467245635e-05 0.0000000000000000e+00 1.0000000000000000e+00
6.2257382019999996e-01 4.0389574248598644e-03 6.5822828577961595e-02 -6.5817633566883249e-02 5.4373093715682254e-03 2.6572129292793698e-05 0.0000000000000000e+00 1.0000000000000000e+00
6.3069434830000004e-01 -4.1045705635304255e-03 6.9741322252231203e-02 -6.9754610419623095e-02 5.8257213938162199e-03 1.0100214506194206e-05 0.0000000000000000e+00 1.0000000000000000e+00
6.3881487640000001e-01 -1.3557731201887861e-02 7.2846558456096847e-02 -7.4028102269528745e-02 6.2341320093177001e-03 6.2628640178228553e-06 0.0000000000000000e+00 1.0000000000000000e+00
6.4693540449999998e-01 -2.4358340585247312e-02 7.4829257785279255e-02 -7.8686884308895200e-02 6.6582069402554653e-03 3.9452610139710376e-05 0.0000000000000000e+00 1.0000000000000000e+00
6.5505593259999995e-01 -3.6498687091710016e-02 7.5320533056665806e-02 -8.3788331805539656e-02 7.0905070439944351e-03 4.9038352309018432e-05 0.0000000000000000e+00 1.0000000000000000e+00
6.6317646070000003e-01 -4.9906794799667982e-02 7.3888533899411898e-02 -8.9403303277147503e-02 7.5180904376899753e-03 5.4562914204429834e-05 0.0000000000000000e+00 1.0000000000000000e+00
6.7129698879999999e-01 -6.4418033490102306e-02 7.0033811824439046e-02 -9.5617429512560456e-02 7.9206426613232152e-03 5.7009790039749098e-05 0.0000000000000000e+00 1.0000000000000000e+00
6.7941751689999996e-01 -7.9738582983833350e-02 6.3190602177630298e-02 -1.0253471368906809e-01 8.2662682857334996e-03 5.4113777127471439e-05 0.0000000000000000e+00 1.0000000000000000e+00
6.8753804490000003e-01 -9.5397125114361450e-02 5.2737022183961098e-02 -1.1028224930759351e-01 8.5053474470394002e-03 4.4532951627437306e-05 0.0000000000000000e+00 1.0000000000000000e+00
6.9565857300000000e-01 -1.1068209892061349e-01 3.8021650110799138e-02 -1.1901591303069400e-01 8.5621487628566896e-03 3.3246892058719258e-05 0.0000000000000000e+00 1.0000000000000000e+00
7.0377910109999997e-01 -1.2456202046548340e-01 1.8416489838954896e-02 -1.2892453510331606e-01 8.3214315278681804e-03 2.0936746058410201e-05 0.0000000000000000e+00 1.0000000000000000e+00
7.1189962920000005e-01 -1.3559465420866004e-01 -6.5843141996349049e-03 -1.4023554923823914e-01 7.6075626326144452e-03 9.1168566829926846e-06 0.0000000000000000e+00 1.0000000000000000e+00
7.2002015730000002e-01 -1.4183340572660386e-01 -3.7193236672300657e-02 -1.5321581087116104e-01 6.1548016885151196e-03 2.3100994571211424e-06 0.0000000000000000e+00 1.0000000000000000e+00
7.2814068539999999e-01 -1.4076605696004266e-01 -7.3052914696021057e-02 -1.6816565233743649e-01 3.5617141489127772e-03 3.8790697283128484e-06 0.0000000000000000e+00 1.0000000000000000e+00
7.3626121349999996e-01 -1.2935094581705670e-01 -1.1281610060843390e-01 -1.8539243860251894e-01 -7.7302295328240153e-04 5.7955747571688601e-06 0.0000000000000000e+00 1.0000000000000000e+00
7.4438174160000004e-01 -1.0428244780166000e-01 -1.5356921361208381e-01 -2.0514584978394140e-01 -7.7372074253171204e-03 6.9955277474268133e-06 0.0000000000000000e+00 1.0000000000000000e+00
7.5250226970000000e-01 -6.2697700288452451e-02 -1.9016901701613864e-01 -2.2747947647764150e-01 -1.8604811297744904e-02 7.0375597741684242e-06 0.0000000000000000e+00 1.0000000000000000e+00
7.6062279779999997e-01 -3.6010084627183360e-03 -2.1476752699295121e-01 -2.5198252221171530e-01 -3.5104508455157932e-02 6.6383634681500577e-06 0.0000000000000000e+00 1.0000000000000000e+00
7.6874332580000004e-01 6.9825664875394503e-02 -2.1721222271819349e-01 -2.7733750980280397e-01 -5.9343751516814598e-02 6.6590752329479928e-06 0.0000000000000000e+00 1.0000000000000000e+00
7.7686385390000001e-01 1.4749882471398809e-01 -1.8749927719836326e-01 -3.0074939032582609e-01 -9.3353872483466493e-02 1.0722772019442496e-05 0.0000000000000000e+00 1.0000000000000000e+00
7.8498438199999998e-01 2.1132929715036786e-01 -1.2132583961174595e-01 -3.1758537872561537e-01 -1.3797169162648334e-01 1.1916050536750815e-05 0.0000000000000000e+00 1.0000000000000000e+00
7.8703492685400001e-01 2.2260862135302675e-01 -9.9512446986637401e-02 -3.2010516776176828e-01 -1.5075956772985935e-01 1.2361755106285951e-05 0.0000000000000000e+00 1.0000000000000000e+00
7.9310491009999995e-01 2.3953178607144876e-01 -2.7385614510924541e-02 -3.2203187288977231e-01 -1.9114337917211344e-01 1.3657036488724639e-05 0.0000000000000000e+00 1.0000000000000000e+00
7.9506589549499995e-01 2.3908708131619574e-01 -3.0051906313211768e-03 -3.2066110153134220e-01 -2.0466775332742421e-01 1.4136309890588598e-05 0.0000000000000000e+00 1.0000000000000000e+00
8.0122543820000003e-01 2.1831723864812716e-01 7.0041199326363449e-02 -3.0950136032393860e-01 -2.4682885342252744e-01 1.5426406420526205e-05 0.0000000000000000e+00 1.0000000000000000e+00
8.0309686413600001e-01 2.0661851138533066e-01 8.9692246446005749e-02 -3.0407061668869467e-01 -2.5911722020827999e-01 1.5858730362720270e-05 0.0000000000000000e+00 1.0000000000000000e+00
8.0934596630000000e-01 1.5396447900648755e-01 1.4087292637152804e-01 -2.7981907148962681e-01 -2.9645676412919592e-01 1.6968698375972745e-05 0.0000000000000000e+00 1.0000000000000000e+00
8.1112783277800005e-01 1.3637040245293319e-01 1.5067135433958315e-01 -2.7144429676492937e-01 -3.0575389678049580e-01 1.7521986269311243e-05 0.0000000000000000e+00 1.0000000000000000e+00
8.1746649439999997e-01 7.1594967037279703e-02 1.6724741834512796e-01 -2.3815693236139265e-01 -3.3294336622631898e-01 1.7932950465608914e-05 0.0000000000000000e+00 1.0000000000000000e+00
8.1915880141899999e-01 5.4911565554370503e-02 1.6712478872165876e-01 -2.2868647243215506e-01 -3.3857699394727081e-01 1.7569760376452795e-05 0.0000000000000000e+00 1.0000000000000000e+00
8.2558702250000005e-01 -9.2052823026094702e-04 1.5268702283556801e-01 -1.9225410967976486e-01 -3.5391074595777378e-01 1.6643287233973680e-05 0.0000000000000000e+00 1.0000000000000000e+00
8.2718977006000005e-01 -1.2434492847421140e-02 1.4640469044825150e-01 -1.8330452990138421e-01 -3.5634161450863133e-01 1.7719932984664668e-05 0.0000000000000000e+00 1.0000000000000000e+00
8.3370755060000001e-01 -4.7926076410179409e-02 1.1467736076759490e-01 -1.4860350649113496e-01 -3.6140616307964024e-01 1.6437186366061555e-05 0.0000000000000000e+00 1.0000000000000000e+00
8.3522073870199998e-01 -5.3592296346088301e-02 1.0656506180869305e-01 -1.4105022544838611e-01 -3.6162987031972588e-01 1.6095223984626349e-05 0.0000000000000000e+00 1.0000000000000000e+00
8.4182807869999998e-01 -6.8281498957551104e-02 7.1479843741652602e-02 -1.1072533728242764e-01 -3.5942628100538504e-01 1.4101559609659951e-05 0.0000000000000000e+00 1.0000000000000000e+00
8.4325170734300003e-01 -6.9581536445574452e-02 6.4358958826796403e-02 -1.0478019813133285e-01 -3.5840378682521040e-01 1.0401550071290259e-05 0.0000000000000000e+00 1.0000000000000000e+00
8.4994860670000005e-01 -6.9094067693289393e-02 3.4666870578329657e-02 -7.9601318774073754e-02 -3.5181237883598154e-01 1.9615700909219842e-05 0.0000000000000000e+00 0.0000000000000000e+00
8.5128267598499996e-01 -6.7979472876571106e-02 2.9613141506873511e-02 -7.5116415789734145e-02 -3.5023502860219402e-01 2.2301836245842421e-05 0.0000000000000000e+00 1.0000000000000000e+00
8.5806913480000002e-01 -5.9114304111116803e-02 8.5886657710305108e-03 -5.4813570896952997e-02 -3.4142040691166647e-01 3.5723905591695826e-05 0.0000000000000000e+00 0.0000000000000000e+00
8.5931364462600002e-01 -5.7105267491546451e-02 5.5578289635357598e-03 -5.1516144979874598e-02 -3.3971208394645025e-01 3.8611832706466362e-05 0.0000000000000000e+00 1.0000000000000000e+00
8.6618966289999999e-01 -4.5238300546892055e-02 -7.0887553926913304e-03 -3.5407055451446179e-02 -3.3012458118926724e-01 5.7683165623057515e-05 0.0000000000000000e+00 0.0000000000000000e+00
8.6734461326699996e-01 -4.3223206126265894e-02 -8.6020920100371209e-03 -3.3022265495958811e-02 -3.2851825199440604e-01 6.3023999424068376e-05 0.0000000000000000e+00 1.0000000000000000e+00
8.7431019099999996e-01 -3.1665103958087040e-02 -1.4745805554455106e-02 -2.0324280300898494e-02 -3.1909126068604315e-01 8.4969724510117772e-05 0.0000000000000000e+00 0.0000000000000000e+00
8.7537558190900000e-01 -3.0030045858076129e-02 -1.5302213577569465e-02 -1.8611466122547032e-02 -3.1770543662525969e-01 8.4992110716394361e-05 0.0000000000000000e+00 0.0000000000000000e+00
8.8243071910000004e-01 -2.0352948194725086e-02 -1.7102877957843814e-02 -8.5404827077374904e-03 -3.0902196774559332e-01 1.0946273432791203e-04 0.0000000000000000e+00 0.0000000000000000e+00
8.8340655054999995e-01 -1.9180394359679016e-02 -1.7143766912804694e-02 -7.2999909110093601e-03 -3.0789697552152218e-01 1.1339104755342943e-04 0.0000000000000000e+00 0.0000000000000000e+00
8.9055124720000001e-01 -1.1818244881197639e-02 -1.6415627911696675e-02 9.1491251881533849e-04 -3.0027812679366456e-01 1.3177839625124022e-04 0.0000000000000000e+00 0.0000000000000000e+00
8.9867177529999998e-01 -5.8351276229421448e-03 -1.4257125503607635e-02 8.9495044321143500e-03 -2.9292710904023739e-01 1.3117024979124382e-04 0.0000000000000000e+00 0.0000000000000000e+00
9.0679230340000005e-01 -1.9035230835100345e-03 -1.1591106989635865e-02 1.6355823291060806e-02 -2.8671845156055142e-01 1.3433093739885127e-04 0.0000000000000000e+00 0.0000000000000000e+00
9.1491283150000002e-01 4.9619748690030152e-04 -8.9463734095108303e-03 2.3687364645018780e-02 -2.8113450000364687e-01 1.3194173866973481e-04 0.0000000000000000e+00 0.0000000000000000e+00
9.2303335959999999e-01 1.8034360506262220e-03 -6.5822297307574903e-03 3.1136241116591142e-02 -2.7543105720931049e-01 2.3222458253369658e-04 0.0000000000000000e+00 0.0000000000000000e+00
9.3115388759999995e-01 2.3601433408549405e-03 -4.6100010127290468e-03 3.8399194281150413e-02 -2.6887387992082745e-01 4.2760944707206564e-04 0.0000000000000000e+00 0.0000000000000000e+00
9.3927441570000003e-01 2.4287545553109261e-03 -3.0608912133449403e-03 4.4667106606063219e-02 -2.6098404721830754e-01 6.8679838563694476e-04 0.0000000000000000e+00 0.0000000000000000e+00
9.4739494380000000e-01 2.2126378541077545e-03 -1.9188697999654651e-03 4.8768750905439896e-02 -2.5187287235497946e-01 9.7106192039232567e-04 0.0000000000000000e+00 0.0000000000000000e+00
9.5551547189999997e-01 1.8676790841616389e-03 -1.1346816492288335e-03 4.9526416123452169e-02 -2.4249906542749791e-01 1.2384022148148384e-03 0.0000000000000000e+00 0.0000000000000000e+00
9.6363600000000005e-01 1.5051072549988876e-03 -6.3570140110767704e-04 4.6294551569132779e-02 -2.3473908495322354e-01 1.5162490384568184e-03 0.0000000000000000e+00 0.0000000000000000e+00
