# Time-domain evolution by Zhen Zhong (independent of the frequency-domain code in this repository)
# (2,2,w,+) x (2,2,w,+) -> (4,4,2w,+), Schwarzschild, M = 1; single mode (includes the 1/2)
# Q = A2/(a_in1 a_in2), strain amplitudes (Eq. (28)); r* = r + 2 log(r/2 - 1)
# time domain, one grid, not convergence-certified; (2,0)x(2,0)->(4,0) times sqrt(70)/6;
# relerr = spread over late-time windows, extraction radii and tail orders / |Q|
# w = 1.2137700000e-01: late window only (the earlier window had not settled)
# Columns: w  ReQ  ImQ  relerr
1.2137700000e-01 -6.2806416455912870e-04 7.5146068845012969e-03 1.51e-06
1.3128532650e-01 -5.8599228796682250e-04 8.9750034725203723e-03 1.39e-06
1.4119365310e-01 -6.0231281853177212e-04 1.0598115716302614e-02 9.61e-07
1.5110197960e-01 -7.1817964179313925e-04 1.2396957538155147e-02 1.21e-06
1.6101030610e-01 -9.8436601799756955e-04 1.4383835662197142e-02 9.51e-07
1.7091863270e-01 -1.4630072369007931e-03 1.6568367650828104e-02 5.89e-07
1.8082695920e-01 -2.2295378825325190e-03 1.8954790549637297e-02 3.73e-07
1.9073528570e-01 -3.3748611955781152e-03 2.1538120568581329e-02 5.62e-07
2.0064361220e-01 -5.0076824374301601e-03 2.4298935000080065e-02 3.50e-07
2.1055193880e-01 -7.2566109919612425e-03 2.7196139703372320e-02 1.59e-07
2.2046026530e-01 -1.0271726034412308e-02 3.0156922538185731e-02 2.49e-07
2.3036859180e-01 -1.4224606113751969e-02 3.3062984941808857e-02 2.55e-07
2.4027691840e-01 -1.9305198363561066e-02 3.5731617179437514e-02 2.16e-07
2.5018524490e-01 -2.5712655373908266e-02 3.7890264659474128e-02 1.57e-07
2.6009357140e-01 -3.3634999429316720e-02 3.9143420830064432e-02 2.47e-07
2.7000189800e-01 -4.3209289110563237e-02 3.8932173207579739e-02 2.05e-07
2.7991022450e-01 -5.4449387220892313e-02 3.6491002139865766e-02 1.33e-07
2.8981855100e-01 -6.7123464286332438e-02 3.0815907063536086e-02 1.12e-07
2.9972687760e-01 -8.0561965109553352e-02 2.0676625767959565e-02 1.72e-07
3.0963520410e-01 -9.3388065335098053e-02 4.7367948943893290e-03 1.78e-07
3.1954353060e-01 -1.0320610577228086e-01 -1.8114827142718049e-02 1.28e-07
3.2945185710e-01 -1.0638487569320070e-01 -4.8097757291157624e-02 9.94e-08
3.3936018370e-01 -9.8241213319268952e-02 -8.3480205088777445e-02 1.59e-07
3.4926851020e-01 -7.4096504608580929e-02 -1.1933261366869645e-01 1.76e-07
3.5917683670e-01 -3.1624539708758601e-02 -1.4682177273811917e-01 9.01e-08
3.6908516330e-01 2.5704932133370776e-02 -1.5437799731329635e-01 9.77e-08
3.7899348980e-01 8.5701622832152477e-02 -1.3218788743804949e-01 1.40e-07
3.8890181630e-01 1.2868200608275604e-01 -7.9983907197790985e-02 1.57e-07
3.9881014290e-01 1.3697842607075283e-01 -1.3347799788841907e-02 1.26e-07
4.0871846940e-01 1.0951339827229564e-01 4.1776141601118977e-02 1.34e-07
4.1862679590e-01 6.4792771869761123e-02 6.7846363615147717e-02 3.17e-07
4.2853512240e-01 2.4608168745631851e-02 6.7055859372399496e-02 4.02e-07
4.3844344900e-01 -9.8479753978594244e-04 5.2557494537844404e-02 3.23e-07
4.4835177550e-01 -1.2986965958262099e-02 3.5627414358607938e-02 4.76e-07
4.5826010200e-01 -1.6281385452381808e-02 2.1638871710956357e-02 8.24e-07
4.6816842860e-01 -1.5212579866878552e-02 1.1814071179990277e-02 1.26e-06
4.7807675510e-01 -1.2503259179025073e-02 5.5834897689194286e-03 1.24e-06
4.8798508160e-01 -9.5532075955875144e-03 1.9430593630023892e-03 1.78e-06
4.9789340820e-01 -6.9571794369173452e-03 -7.2979433678285663e-06 4.78e-06
5.0780173470e-01 -4.8914676244541638e-03 -9.2959647786196363e-04 5.02e-06
5.1771006120e-01 -3.3426143150235496e-03 -1.2648159095155073e-03 4.79e-06
5.2761838780e-01 -2.2269276076722251e-03 -1.2886085918566699e-03 6.97e-06
5.3752671430e-01 -1.4470437070861725e-03 -1.1646433661603791e-03 1.02e-05
5.4743504080e-01 -9.1516797521211369e-04 -9.8515804053985736e-04 1.10e-05
5.5734336730e-01 -5.6039580222333636e-04 -7.9889696163639530e-04 1.14e-05
5.6725169390e-01 -3.2887270460690648e-04 -6.2909813871725537e-04 1.37e-05
5.7716002040e-01 -1.8129533483695159e-04 -4.8474683582403247e-04 3.31e-05
5.8706834690e-01 -8.9778729004549333e-05 -3.6726873986863426e-04 3.42e-05
5.9697667350e-01 -3.4976411937740597e-05 -2.7452314770455848e-04 4.86e-05
6.0688500000e-01 -3.7569059872864638e-06 -2.0289469113769562e-04 6.49e-05
