# (2,2,w,+) x (2,2,w,+) -> (4,4,2w,+), Schwarzschild, M = 1; single mode (includes the 1/2)
# Q = A2/(a_in1 a_in2), strain amplitudes (Eq. (28)); r* = r + 2 log(r/2 - 1)
# frequency domain; relerr = solver error estimate / |Q|
# Columns: w  ReQ  ImQ  relerr
1.2137700000e-01 -6.2806100930016856e-04 7.5146146994194956e-03 3.31e-26
1.3128532650e-01 -5.8598731592320421e-04 8.9750027457081907e-03 1.32e-26
1.4119365310e-01 -6.0231403985975683e-04 1.0598115680584158e-02 1.81e-26
1.5110197960e-01 -7.1817739004236773e-04 1.2396958782375695e-02 1.39e-26
1.6101030610e-01 -9.8436641526450158e-04 1.4383832998547142e-02 2.95e-26
1.7091863270e-01 -1.4630092331155017e-03 1.6568369515064883e-02 1.02e-25
1.8082695920e-01 -2.2295356698917054e-03 1.8954790929863404e-02 7.63e-27
1.9073528570e-01 -3.3748624609851812e-03 2.1538119500576373e-02 3.06e-26
2.0064361220e-01 -5.0076818083540676e-03 2.4298936417270781e-02 9.20e-26
2.1055193880e-01 -7.2566106447657722e-03 2.7196138005800039e-02 9.89e-26
2.2046026530e-01 -1.0271727571934786e-02 3.0156923049413219e-02 1.04e-25
2.3036859180e-01 -1.4224605289273516e-02 3.3062985655370115e-02 2.78e-26
2.4027691840e-01 -1.9305198322224323e-02 3.5731616389775969e-02 3.68e-26
2.5018524490e-01 -2.5712656093556319e-02 3.7890264931232133e-02 3.98e-26
2.6009357140e-01 -3.3634998725544582e-02 3.9143421068901445e-02 4.72e-26
2.7000189800e-01 -4.3209289797587001e-02 3.8932173246942675e-02 4.05e-26
2.7991022450e-01 -5.4449386788076697e-02 3.6491002713941782e-02 1.28e-26
2.8981855100e-01 -6.7123464174932174e-02 3.0815906519383488e-02 3.29e-26
2.9972687760e-01 -8.0561965510860659e-02 2.0676626025103773e-02 1.41e-26
3.0963520410e-01 -9.3388064601072615e-02 4.7367949695153958e-03 5.75e-27
3.1954353060e-01 -1.0320610645107826e-01 -1.8114828012614711e-02 7.36e-27
3.2945185710e-01 -1.0638487607374475e-01 -4.8097755974511200e-02 5.50e-27
3.3936018370e-01 -9.8241211978435661e-02 -8.3480205862465170e-02 5.34e-27
3.4926851020e-01 -7.4096506490947747e-02 -1.1933261381930006e-01 7.63e-27
3.5917683670e-01 -3.1624537873758039e-02 -1.4682177118072670e-01 1.01e-25
3.6908516330e-01 2.5704931509827889e-02 -1.5437800055272657e-01 2.23e-26
3.7899348980e-01 8.5701620094975547e-02 -1.3218788445425167e-01 3.37e-26
3.8890181630e-01 1.2868201042311975e-01 -7.9983906818129294e-02 1.46e-26
3.9881014290e-01 1.3697842376468841e-01 -1.3347803104812671e-02 1.91e-26
4.0871846940e-01 1.0951339821143906e-01 4.1776145029264578e-02 8.75e-26
4.1862679590e-01 6.4792773793704142e-02 6.7846360446828319e-02 8.98e-26
4.2853512240e-01 2.4608164678474966e-02 6.7055860988053217e-02 3.87e-26
4.3844344900e-01 -9.8479269171767420e-04 5.2557496719529036e-02 7.61e-26
4.4835177550e-01 -1.2986968152246961e-02 3.5627408996676421e-02 7.30e-26
4.5826010200e-01 -1.6281388615107025e-02 2.1638877100621904e-02 4.93e-26
4.6816842860e-01 -1.5212574157833605e-02 1.1814069757481567e-02 6.18e-26
4.7807675510e-01 -1.2503263506448146e-02 5.5834870841704300e-03 1.26e-25
4.8798508160e-01 -9.5532059031892425e-03 1.9430633372799109e-03 1.82e-25
4.9789340820e-01 -6.9571789603227576e-03 -7.3024429984470471e-06 1.74e-25
5.0780173470e-01 -4.8914714811770310e-03 -9.2959248693949559e-04 7.40e-25
5.1771006120e-01 -3.3426085640596631e-03 -1.2648153159851793e-03 1.03e-24
5.2761838780e-01 -2.2269302408660066e-03 -1.2886126490645547e-03 9.79e-25
5.3752671430e-01 -1.4470444585216141e-03 -1.1646405439662928e-03 3.51e-23
5.4743504080e-01 -9.1516717849485880e-04 -9.8515846731048119e-04 1.55e-24
5.5734336730e-01 -5.6039519117106671e-04 -7.9889659871410846e-04 4.25e-24
5.6725169390e-01 -3.2887367326030751e-04 -6.2909957944334556e-04 1.79e-24
5.7716002040e-01 -1.8129443271323623e-04 -4.8474310719520664e-04 6.24e-24
5.8706834690e-01 -8.9776434297321551e-05 -3.6727358800771825e-04 1.45e-23
5.9697667350e-01 -3.4982483676888747e-05 -2.7452274253164904e-04 1.62e-23
6.0688500000e-01 -3.7539239141623172e-06 -2.0289218076617664e-04 1.06e-23
