# quantity: Q of Eq. (28), incident normalization; strain phases and (-1)^m' included; G_N = M = 1
# counting: factor 1/2 included (parents with equal l, m, w)
# curve: eee_l6
# columns: Momega_parent Momega_child x_plot Re_Q Im_Q abs_error
3.22048086406000023e-01 6.44096172812000045e-01 2.69999999999511797e-01 -5.98606495475725127e-04 -3.32377352027591255e-03 1.27850000000000000e-26
3.45903500214999993e-01 6.91807000429999985e-01 2.90000000000438185e-01 -1.19002311782573779e-03 -3.79751909076470658e-03 2.24750000000000002e-27
3.69758914024999996e-01 7.39517828049999992e-01 3.10000000002203013e-01 -1.85176074925307108e-03 -4.26249685077198862e-03 1.11200000000000007e-26
3.93614327830499988e-01 7.87228655660999976e-01 3.30000000000195082e-01 -2.56905179711152364e-03 -4.73271465282735625e-03 2.38949999999999989e-26
4.17469741637999991e-01 8.34939483275999983e-01 3.49999999999863920e-01 -3.32719655461700611e-03 -5.22886584444235206e-03 3.18799999999999981e-26
4.41325155447000017e-01 8.82650310894000034e-01 3.70000000000790363e-01 -4.11080751598239761e-03 -5.77765860542880406e-03 3.13700000000000007e-26
4.65180569253999976e-01 9.30361138507999952e-01 3.90000000000039981e-01 -4.90233697044187896e-03 -6.41114861424163344e-03 2.07199999999999993e-26
4.89035983060999990e-01 9.78071966121999981e-01 4.09999999999289655e-01 -5.67991742435404543e-03 -7.16598047210323299e-03 1.63100000000000007e-27
5.12891396869999960e-01 1.02578279373999992e+00 4.30000000000216043e-01 -6.41453814854436866e-03 -8.08234429361106600e-03 2.04350000000000013e-26
5.36746810674999963e-01 1.07349362134999993e+00 4.49999999997788946e-01 -7.06659487423238336e-03 -9.20235171312699940e-03 3.72100000000000026e-26
5.60602224484999967e-01 1.12120444896999993e+00 4.69999999999553719e-01 -7.58190085592622218e-03 -1.05674278020523368e-02 4.01750000000000010e-26
5.84457638294999970e-01 1.16891527658999994e+00 4.90000000001318547e-01 -7.88735627967921370e-03 -1.22142048257639566e-02 2.41149999999999989e-26
6.08313052099999974e-01 1.21662610419999995e+00 5.09999999998891451e-01 -7.88666279858863187e-03 -1.41683023826727397e-02 9.46500000000000018e-27
6.32168465914999977e-01 1.26433693182999995e+00 5.30000000004848149e-01 -7.45676697449874828e-03 -1.64353126962324160e-02 5.06500000000000001e-26
6.56023879719999981e-01 1.31204775943999996e+00 5.50000000002421108e-01 -6.44614601459227252e-03 -1.89883273660421369e-02 8.26499999999999956e-26
6.79879293529999984e-01 1.35975858705999997e+00 5.70000000004185825e-01 -4.67662819873422824e-03 -2.17515198322831942e-02 8.72500000000000055e-26
7.03734707334999987e-01 1.40746941466999997e+00 5.90000000001758784e-01 -1.95116213051706416e-03 -2.45797511012910593e-02 5.29499999999999993e-26
7.27590121139999990e-01 1.45518024227999998e+00 6.09999999999331632e-01 1.92924193109057698e-03 -2.72350539165792140e-02 1.73249999999999997e-26
7.51445534944999993e-01 1.50289106988999999e+00 6.29999999996904592e-01 7.13542175664041208e-03 -2.93623731810369187e-02 1.02349999999999997e-25
7.75300948754999997e-01 1.55060189750999999e+00 6.49999999998669309e-01 1.37624353855060836e-02 -3.04693209959055016e-02 1.67100000000000009e-25
7.99156362565000000e-01 1.59831272513000000e+00 6.70000000000434137e-01 2.17604405584560512e-02 -2.99181333736431229e-02 1.76050000000000007e-25
8.23011776380000004e-01 1.64602355276000001e+00 6.90000000006390835e-01 3.08422037039200216e-02 -2.69425372699122027e-02 1.11350000000000006e-25
8.46867190175000006e-01 1.69373438035000001e+00 7.09999999995579945e-01 4.03702446857915828e-02 -2.07075449478110983e-02 1.16749999999999999e-26
8.70722603985000010e-01 1.74144520797000002e+00 7.29999999997344773e-01 4.92358300919377087e-02 -1.04352987911158525e-02 1.43000000000000008e-25
8.94578017795000013e-01 1.78915603559000003e+00 7.49999999999109601e-01 5.57572486063721354e-02 4.37715721704672479e-03 2.16499999999999984e-25
9.18433431600000016e-01 1.83686686320000003e+00 7.69999999996682449e-01 5.76474007749628869e-02 2.36258038171433260e-02 1.85550000000000003e-25
9.42288845415000020e-01 1.88457769083000004e+00 7.90000000002639147e-01 5.21307578908588864e-02 4.61468300918401117e-02 5.90500000000000050e-26
9.66144259220000023e-01 1.93228851844000005e+00 8.10000000000212106e-01 3.63244863768980158e-02 6.91736164041088647e-02 8.72500000000000055e-26
9.89999673030000027e-01 1.97999934606000005e+00 8.30000000001976823e-01 8.03138362030461281e-03 8.78027624741672397e-02 1.45350000000000002e-25
1.01385508683500003e+00 2.02771017367000006e+00 8.49999999999549782e-01 -3.28860854490282198e-02 9.46825889100305351e-02 4.99799999999999985e-26
1.03771050064500003e+00 2.07542100129000007e+00 8.70000000001314611e-01 -8.23775621544837189e-02 8.03271102389472025e-02 1.46449999999999999e-25
1.06156591445000004e+00 2.12313182890000007e+00 8.89999999998887459e-01 -1.29173370100933632e-01 3.48319615394479046e-02 2.68700000000000020e-25
1.08542132826000004e+00 2.17084265652000008e+00 9.10000000000652287e-01 -1.50911634583284937e-01 -4.72822012264626571e-02 1.34250000000000010e-25
1.10927674206000004e+00 2.21855348412000009e+00 9.29999999994033266e-01 -1.11154021674551337e-01 -1.54793088375335508e-01 2.44149999999999997e-25
1.13313215585500005e+00 2.26626431171000009e+00 9.49999999983222265e-01 3.09147394538755692e-02 -2.31262963672592831e-01 5.36500000000000042e-25
1.15698756968000005e+00 2.31397513936000010e+00 9.69999999997562812e-01 2.45588965933399683e-01 -1.39360781849799525e-01 3.20800000000000010e-25
1.18084298349000005e+00 2.36168596698000011e+00 9.89999999999327640e-01 2.47599466769951648e-01 1.79980054313453403e-01 2.80699999999999986e-25
1.20469839730000006e+00 2.40939679460000011e+00 1.01000000000109247e+00 -8.80895409739642088e-02 2.33287284668374395e-01 3.90299999999999997e-25
1.22855381110500006e+00 2.45710762221000012e+00 1.02999999999866532e+00 -1.47891928385218113e-01 -4.80094029252951370e-03 2.16599999999999984e-25
1.25240922491500006e+00 2.50481844983000013e+00 1.05000000000043014e+00 -3.29114781968139689e-02 -6.56258182205308738e-02 2.21300000000000016e-25
1.27626463872500007e+00 2.55252927745000013e+00 1.07000000000219497e+00 1.47355486258151265e-02 -3.03476135841490441e-02 2.39500000000000011e-25
1.30012005253000007e+00 2.60024010506000014e+00 1.08999999999976782e+00 1.42892876124813446e-02 -4.82804985335151017e-03 2.79049999999999991e-25
1.32397546634000007e+00 2.64795093268000015e+00 1.11000000000153265e+00 6.25245756078687126e-03 2.44292640937452191e-03 3.20050000000000012e-25
