# quantity: Q of Eq. (28), incident normalization; strain phases and (-1)^m' included; G_N = M = 1
# counting: factor 1/2 included (parents with equal l, m, w)
# curve: eee_l4
# columns: Momega_parent Momega_child x_plot Re_Q Im_Q abs_error
2.16836153313999996e-01 4.33672306627999993e-01 2.69999999996492934e-01 3.47855994101792633e-03 -3.89093436413209576e-04 7.15499999999999969e-31
2.32898090601000002e-01 4.65796181202000004e-01 2.90000000001813363e-01 4.04426486643683688e-03 -7.88755902634551771e-04 5.21000000000000019e-31
2.48960027881500012e-01 4.97920055763000025e-01 3.09999999999040210e-01 4.64458536973065376e-03 -1.23934629275390955e-03 1.83450000000000007e-30
2.65021965166000018e-01 5.30043930332000035e-01 3.30000000001247740e-01 5.28866677979070686e-03 -1.73080823396134478e-03 3.50200000000000035e-30
2.81083902446500000e-01 5.62167804893000000e-01 3.49999999998474476e-01 5.98912234616369877e-03 -2.25117911585251320e-03 5.48500000000000004e-30
2.97145839730000028e-01 5.94291679460000055e-01 3.69999999999436890e-01 6.76179039153790729e-03 -2.78609681960589189e-03 7.70499999999999938e-30
3.13207777013999988e-01 6.26415554027999977e-01 3.90000000001021752e-01 7.62537621970245903e-03 -3.31802559672390775e-03 1.00200000000000000e-29
3.29269714297000027e-01 6.58539428594000054e-01 4.10000000001361553e-01 8.60093316287950140e-03 -3.82520089305262920e-03 1.23949999999999995e-29
3.45331651577999998e-01 6.90663303155999997e-01 4.29999999999210902e-01 9.71110747550144905e-03 -4.28029900894396579e-03 1.44250000000000005e-29
3.61393588862000015e-01 7.22787177724000029e-01 4.50000000000795819e-01 1.09790398264747752e-02 -4.64884927590605585e-03 1.55800000000000007e-29
3.77455526144500009e-01 7.54911052289000017e-01 4.70000000000513007e-01 1.24267817017883753e-02 -4.88742773248932328e-03 1.54600000000000002e-29
3.93517463427000003e-01 7.87034926854000005e-01 4.90000000000230140e-01 1.40730487052119109e-02 -4.94170663109903385e-03 1.39399999999999995e-29
4.09579400710499975e-01 8.19158801420999949e-01 5.10000000001192499e-01 1.59300964371612841e-02 -4.74448893192386950e-03 1.07200000000000001e-29
4.25641337991999991e-01 8.51282675983999981e-01 5.29999999999664406e-01 1.79994723460022849e-02 -4.21393770298773493e-03 5.40499999999999989e-30
4.41703275277499974e-01 8.83406550554999948e-01 5.50000000003117107e-01 2.02663756626276191e-02 -3.25232444960464259e-03 3.51450000000000000e-30
4.57765212557500023e-01 9.15530425115000046e-01 5.69999999999721396e-01 2.26923584853170671e-02 -1.74577589497813476e-03 1.30600000000000000e-29
4.73827149840000017e-01 9.47654299680000034e-01 5.89999999999438529e-01 2.52061413411370401e-02 4.34296441966683985e-04 2.38600000000000009e-29
4.89889087123000000e-01 9.79778174246000000e-01 6.09999999999778275e-01 2.76924206181316454e-02 3.42713872188865707e-03 3.51299999999999982e-29
5.05951024404999949e-01 1.01190204880999990e+00 6.29999999998872795e-01 2.99787474608608426e-02 7.37470388091703358e-03 4.62500000000000025e-29
5.22012961684999999e-01 1.04402592337000000e+00 6.49999999995477085e-01 3.18209042040303314e-02 1.24081636686453698e-02 5.60000000000000047e-29
5.38074898970000048e-01 1.07614979794000010e+00 6.69999999998307172e-01 3.28877571145480205e-02 1.86268119847467321e-02 6.23499999999999954e-29
5.54136836254999987e-01 1.10827367250999997e+00 6.90000000001137259e-01 3.27474077908329955e-02 2.60668246361146216e-02 6.37000000000000025e-29
5.70198773535000036e-01 1.14039754707000007e+00 7.09999999997741549e-01 3.08577258509876023e-02 3.46568588418341567e-02 5.87499999999999951e-29
5.86260710814999975e-01 1.17252142162999995e+00 7.29999999994345616e-01 2.65662367952353776e-02 4.41569875041269433e-02 4.67600000000000028e-29
6.02322648105000025e-01 1.20464529621000005e+00 7.50000000003401723e-01 1.91272807893398678e-02 5.40769817538407846e-02 2.77550000000000025e-29
6.18384585384999963e-01 1.23676917076999993e+00 7.70000000000005791e-01 7.74924275153048448e-03 6.35695751503668333e-02 3.10900000000000016e-30
6.34446522665000012e-01 1.26889304533000002e+00 7.89999999996610081e-01 -8.30659759830175773e-03 7.12946011058916279e-02 2.51150000000000011e-29
6.50508459949999951e-01 1.30101691989999990e+00 8.09999999999440168e-01 -2.95374791870879477e-02 7.52530043640212282e-02 5.25500000000000002e-29
6.66570397255000002e-01 1.33314079451000000e+00 8.30000000027173890e-01 -5.58510246478743783e-02 7.26032740738708771e-02 7.41000000000000034e-29
6.82632334520000050e-01 1.36526466904000010e+00 8.50000000005100453e-01 -8.59305781962752396e-02 5.95198318738595286e-02 8.38000000000000014e-29
6.98694271799999989e-01 1.39738854359999998e+00 8.70000000001704632e-01 -1.16102726743559898e-01 3.12961437262229414e-02 7.52500000000000049e-29
7.14756209080000038e-01 1.42951241816000008e+00 8.89999999998308922e-01 -1.38452651658493853e-01 -1.67154888296460885e-02 4.33099999999999983e-29
7.30818146364999977e-01 1.46163629272999995e+00 9.10000000001138898e-01 -1.38305500414003107e-01 -8.58365054914290992e-02 1.53900000000000010e-29
7.46880083645000026e-01 1.49376016729000005e+00 9.29999999997743187e-01 -9.33476447842944562e-02 -1.65578812927190899e-01 9.69000000000000053e-29
7.62942020934999965e-01 1.52588404186999993e+00 9.50000000006799072e-01 1.61915255177032293e-02 -2.18201180027207370e-01 1.89350000000000000e-28
7.79003958215000014e-01 1.55800791643000003e+00 9.70000000003403362e-01 1.66564342053377390e-01 -1.73540787379653283e-01 2.65900000000000014e-28
7.95065895494999952e-01 1.59013179098999990e+00 9.90000000000007541e-01 2.39107801216566246e-01 -2.98212861585358353e-03 2.89099999999999993e-28
8.03096864135000033e-01 1.60619372827000007e+00 9.99999999998309685e-01 2.06607161866198041e-01 8.97324860069075025e-02 2.73350000000000007e-28
8.11127832775000002e-01 1.62225566555000000e+00 1.00999999999661183e+00 1.36319413037057219e-01 1.50686500457449635e-01 2.42000000000000009e-28
8.27189770065000052e-01 1.65437954013000010e+00 1.03000000000566794e+00 -1.24251187270864507e-02 1.46330992833523438e-01 1.60450000000000001e-28
8.43251707344999990e-01 1.68650341468999998e+00 1.05000000000227200e+00 -6.95006149212390456e-02 6.43979536304248867e-02 9.55499999999999982e-29
8.59313644630000040e-01 1.71862728926000008e+00 1.07000000000510220e+00 -5.71667594207268814e-02 5.63580127321670031e-03 6.31499999999999955e-29
8.75375581904999978e-01 1.75075116380999996e+00 1.08999999999548036e+00 -3.01032517611903583e-02 -1.53762700152057959e-02 5.05500000000000000e-29
8.91437519190000027e-01 1.78287503838000005e+00 1.10999999999831056e+00 -1.09706999466961490e-02 -1.63010372726838729e-02 4.41150000000000027e-29
