# quantity: Q of Eq. (28), incident normalization; strain phases and (-1)^m' included; G_N = M = 1
# counting: factor 1/2 included (parents with equal l, m, w)
# curve: eee_l5
# columns: Momega_parent Momega_child x_plot Re_Q Im_Q abs_error
2.69566352213000016e-01 5.39132704426000031e-01 2.70000000007074303e-01 2.00378174456677157e-03 -2.72270342437903271e-03 5.06499999999999972e-29
2.89534230149500027e-01 5.79068460299000054e-01 2.90000000002386238e-01 2.01553194234199966e-03 -3.43448611857865302e-03 3.55000000000000002e-29
3.09502108090999983e-01 6.19004216181999967e-01 3.10000000002706166e-01 1.99335454160835205e-03 -4.19984093011604998e-03 1.01800000000000003e-29
3.29469986030999973e-01 6.58939972061999946e-01 3.30000000001523741e-01 1.95354657763036109e-03 -5.01823469641843583e-03 2.61150000000000012e-29
3.49437863971500007e-01 6.98875727943000014e-01 3.50000000000842193e-01 1.91674002364035172e-03 -5.89181437294572855e-03 7.17000000000000032e-29
3.69405741911999985e-01 7.38811483823999970e-01 3.70000000000160534e-01 1.90804839471426981e-03 -6.82470619129867551e-03 1.23899999999999991e-28
3.89373619863000009e-01 7.78747239726000018e-01 3.90000000009995795e-01 1.95747916912285312e-03 -7.82192565456674149e-03 1.77800000000000009e-28
4.09341497793999975e-01 8.18682995587999951e-01 4.09999999999798914e-01 2.10056005813833921e-03 -8.88785732539456967e-03 2.26350000000000020e-28
4.29309375734999998e-01 8.58618751469999997e-01 4.29999999999618077e-01 2.37908427592125249e-03 -1.00242265463859285e-02 2.60849999999999998e-28
4.49277253677999977e-01 8.98554507355999954e-01 4.50000000001440470e-01 2.84182710212227537e-03 -1.12274539715496550e-02 2.71450000000000016e-28
4.69245131618500011e-01 9.38490263237000022e-01 4.70000000000758866e-01 3.54501661248036136e-03 -1.24852638773889982e-02 2.48400000000000009e-28
4.89213009558500000e-01 9.78426019117000001e-01 4.89999999999576441e-01 4.55224943999392017e-03 -1.37724168089141032e-02 1.83650000000000003e-28
5.09180887500000012e-01 1.01836177500000002e+00 5.09999999999896425e-01 5.93342323997809139e-03 -1.50454686078271751e-02 7.14000000000000003e-29
5.29148765440000002e-01 1.05829753088000000e+00 5.29999999998714055e-01 7.76210962745859864e-03 -1.62365390812483253e-02 8.93500000000000032e-29
5.49116643384999992e-01 1.09823328676999998e+00 5.50000000002539680e-01 1.01106189443626020e-02 -1.72462293099992434e-02 2.88100000000000021e-28
5.69084521324999981e-01 1.13816904264999996e+00 5.70000000001357199e-01 1.30418255421038409e-02 -1.79360895694668614e-02 5.10500000000000040e-28
5.89052399264999971e-01 1.17810479852999994e+00 5.90000000000174718e-01 1.65966600225523307e-02 -1.81214504436126855e-02 7.31499999999999963e-28
6.09020277209999961e-01 1.21804055441999992e+00 6.10000000004000342e-01 2.07760891049954648e-02 -1.75660334606377415e-02 9.19999999999999942e-28
6.28988155149999950e-01 1.25797631029999990e+00 6.30000000002817973e-01 2.55164877313901334e-02 -1.59805983098604068e-02 1.03950000000000006e-27
6.48956033090000051e-01 1.29791206618000010e+00 6.50000000001635603e-01 3.06577061675985633e-02 -1.30289896390400114e-02 1.05150000000000008e-27
6.68923911030000040e-01 1.33784782206000008e+00 6.70000000000453122e-01 3.59040575865601508e-02 -8.34630565596595174e-03 9.24000000000000010e-28
6.88891788975000030e-01 1.37778357795000006e+00 6.90000000004278746e-01 4.07801863615221000e-02 -1.57543187240379587e-03 6.34000000000000042e-28
7.08859666910000019e-01 1.41771933382000004e+00 7.09999999998088271e-01 4.45866890287284420e-02 7.57036087148066188e-03 1.75350000000000010e-28
7.28827544820000006e-01 1.45765508964000001e+00 7.29999999966857605e-01 4.63648739071923777e-02 1.92100988727352852e-02 4.33150000000000026e-28
7.48795422794999999e-01 1.49759084559000000e+00 7.50000000000731526e-01 4.48866116431869064e-02 3.31546720490425648e-02 1.14300000000000008e-27
7.68763300734999988e-01 1.53752660146999998e+00 7.69999999999549045e-01 3.86943084540425364e-02 4.87174162804684743e-02 1.87299999999999995e-27
7.88731178679999978e-01 1.57746235735999996e+00 7.90000000003374669e-01 2.62282475664315576e-02 6.44761018154496601e-02 2.50550000000000017e-27
8.08699056619999967e-01 1.61739811323999993e+00 8.10000000002192189e-01 6.09536345763435090e-03 7.79988891069231388e-02 2.89549999999999985e-27
8.28666934559999957e-01 1.65733386911999991e+00 8.30000000001009819e-01 -2.24408141370662575e-02 8.55695587778886185e-02 2.88549999999999995e-27
8.48634812499999946e-01 1.69726962499999989e+00 8.49999999999827338e-01 -5.86240883698381857e-02 8.19949266873989946e-02 2.34249999999999997e-27
8.68602690440000047e-01 1.73720538088000009e+00 8.69999999998645079e-01 -9.88148177144634737e-02 6.06982488897748265e-02 1.20550000000000008e-27
8.88570568380000037e-01 1.77714113676000007e+00 8.89999999997462599e-01 -1.34215114276885095e-01 1.46510929125184507e-02 4.55150000000000039e-28
9.08538446320000026e-01 1.81707689264000005e+00 9.09999999996280118e-01 -1.47443277576447096e-01 -6.02999664970716651e-02 2.36199999999999983e-27
9.28506324270000016e-01 1.85701264854000003e+00 9.30000000005113847e-01 -1.09330159978605332e-01 -1.55683627052841195e-01 4.00550000000000022e-27
9.48474202205000005e-01 1.89694840441000001e+00 9.49999999998923372e-01 1.35843930684560500e-02 -2.27298076654883163e-01 4.66099999999999989e-27
9.68442080149999995e-01 1.93688416029999999e+00 9.70000000002748886e-01 2.02159246580381813e-01 -1.70284341737529987e-01 3.58749999999999989e-27
9.88409958089999985e-01 1.97681991617999997e+00 9.90000000001566516e-01 2.64369089177553640e-01 7.41969263979616878e-02 8.34000000000000013e-28
9.98393897060000035e-01 1.99678779412000007e+00 1.00000000000097544e+00 1.79039957092860441e-01 1.86985962165493236e-01 1.13100000000000006e-27
1.00837783602999997e+00 2.01675567205999995e+00 1.01000000000038415e+00 5.04246625804500789e-02 2.23245771820480859e-01 2.39400000000000001e-27
1.02834571397500008e+00 2.05669142795000015e+00 1.03000000000420977e+00 -1.09270068038916660e-01 1.03736593367435279e-01 3.43049999999999970e-27
1.04831359191499995e+00 2.09662718382999991e+00 1.05000000000302718e+00 -8.45195292592403058e-02 -1.29037233942811101e-02 2.96199999999999992e-27
1.06828146985500005e+00 2.13656293971000011e+00 1.07000000000184503e+00 -2.66744880203892455e-02 -3.64599873057769239e-02 2.16599999999999992e-27
1.08824934779499993e+00 2.17649869558999987e+00 1.09000000000066244e+00 1.25662336577815376e-03 -2.31319632419191602e-02 1.57699999999999997e-27
1.10821722573500003e+00 2.21643445147000007e+00 1.10999999999948007e+00 7.21452657697627293e-03 -9.29942258005772571e-03 1.22600000000000000e-27
