# quantity: Q of Eq. (28), incident normalization; strain phases and (-1)^m' included; G_N = M = 1
# counting: factor 1/2 included (parents with equal l, m, w)
# curve: eee_l3
# columns: Momega_parent Momega_child x_plot Re_Q Im_Q abs_error
1.30000000000000004e-01 2.60000000000000009e-01 2.14519713924516825e-01 1.37534523636383761e-03 1.94287476532169039e-03 4.73700000000000038e-31
1.40000000000000013e-01 2.80000000000000027e-01 2.31021230380248910e-01 1.77926974699389078e-03 2.16270966886320621e-03 4.88749999999999988e-31
1.49999999999999994e-01 2.99999999999999989e-01 2.47522746835980939e-01 2.23115952457807491e-03 2.38008368597141364e-03 4.72000000000000043e-31
1.60000000000000003e-01 3.20000000000000007e-01 2.64024263291713024e-01 2.72994916613149936e-03 2.59684583984161983e-03 4.21299999999999984e-31
1.63621325787499994e-01 3.27242651574999988e-01 2.69999999999112839e-01 2.92194741138243966e-03 2.67577775556349920e-03 4.03400000000000024e-31
1.70000000000000012e-01 3.40000000000000024e-01 2.80525779747445081e-01 3.27464094250575323e-03 2.81623826042336212e-03 4.61850000000000038e-31
1.75741423995499996e-01 3.51482847990999991e-01 2.90000000001552904e-01 3.60776421965630992e-03 2.94513374995713541e-03 5.11000000000000001e-31
1.79999999999999993e-01 3.59999999999999987e-01 2.97027296203177138e-01 3.86434304668825277e-03 3.04291127312346192e-03 5.43500000000000038e-31
1.87861522199999992e-01 3.75723044399999984e-01 3.09999999998217424e-01 4.35901700657835133e-03 3.23013706580768363e-03 5.91499999999999986e-31
1.90000000000000002e-01 3.80000000000000004e-01 3.13528812658909195e-01 4.49825588069252460e-03 3.28294631249682542e-03 6.00999999999999991e-31
1.99981620406999988e-01 3.99963240813999976e-01 3.29999999999007310e-01 5.17432168806358436e-03 3.54338677239839604e-03 6.21500000000000041e-31
2.00000000000000011e-01 4.00000000000000022e-01 3.30030329114641308e-01 5.17560597343526708e-03 3.54389085755533713e-03 6.21500000000000041e-31
2.09999999999999992e-01 4.19999999999999984e-01 3.46531845570373309e-01 5.89552604914912563e-03 3.83480716717445654e-03 5.90999999999999972e-31
2.12101718614500001e-01 4.24203437229000002e-01 3.50000000000622369e-01 6.05214770984834061e-03 3.90072793604493567e-03 5.77000000000000017e-31
2.20000000000000001e-01 4.40000000000000002e-01 3.63033362026105422e-01 6.65687842674163831e-03 4.16633428321112192e-03 4.99599999999999960e-31
2.24221816821000008e-01 4.48443633642000017e-01 3.70000000000587193e-01 6.99037156913603561e-03 4.32140962380867400e-03 4.70399999999999980e-31
2.30000000000000010e-01 4.60000000000000020e-01 3.79534878481837479e-01 7.45801742955223921e-03 4.55076043688655823e-03 5.59000000000000036e-31
2.36341915028000005e-01 4.72683830056000009e-01 3.90000000001377134e-01 7.98563645190132274e-03 4.82827498481280901e-03 6.49500000000000040e-31
2.39999999999999991e-01 4.79999999999999982e-01 3.96036394937569536e-01 8.29648490932241231e-03 5.00210050411948985e-03 6.98000000000000002e-31
2.48462013233999995e-01 4.96924026467999991e-01 4.10000000000516895e-01 9.03249470598991265e-03 5.44796161759449754e-03 7.99000000000000039e-31
2.50000000000000000e-01 5.00000000000000000e-01 4.12537911393301593e-01 9.16863141905844073e-03 5.53617036285965290e-03 8.15499999999999977e-31
2.60000000000000009e-01 5.20000000000000018e-01 4.29039427849033650e-01 1.00691540923174092e-02 6.17064675524799013e-03 9.07499999999999935e-31
2.60582111438500019e-01 5.21164222877000038e-01 4.29999999997181470e-01 1.01223026852841711e-02 6.21107692889103294e-03 9.12000000000000062e-31
2.70000000000000018e-01 5.40000000000000036e-01 4.45540944304765762e-01 1.09905410008416336e-02 6.92509738229891720e-03 9.74500000000000067e-31
2.72702209646999982e-01 5.45404419293999965e-01 4.50000000000446543e-01 1.12418310128762633e-02 7.15229679829501412e-03 1.01850000000000008e-30
2.80000000000000027e-01 5.60000000000000053e-01 4.62042460760497820e-01 1.19224107918365647e-02 7.82096127501032828e-03 1.30649999999999994e-30
2.84822307852500012e-01 5.69644615705000024e-01 4.69999999998761298e-01 1.23715482822455130e-02 8.31031539069161662e-03 1.49299999999999993e-30
2.89999999999999980e-01 5.79999999999999960e-01 4.78543977216229821e-01 1.28507359083284475e-02 8.88145378730735395e-03 1.68450000000000006e-30
2.96942406060499986e-01 5.93884812120999972e-01 4.90000000001201308e-01 1.34835336541007534e-02 9.72754805719441319e-03 1.92000000000000002e-30
2.99999999999999989e-01 5.99999999999999978e-01 4.95045493671961878e-01 1.37569378752591068e-02 1.01313636055310029e-02 2.01349999999999985e-30
3.09062504264000004e-01 6.18125008528000008e-01 5.09999999996215703e-01 1.45389750415043685e-02 1.14494563014098088e-02 2.24299999999999999e-30
3.09999999999999998e-01 6.19999999999999996e-01 5.11547010127693991e-01 1.46168442566844137e-02 1.15967006826461477e-02 2.26200000000000017e-30
3.20000000000000007e-01 6.40000000000000013e-01 5.28048526583426048e-01 1.53994993065792642e-02 1.33041436290754194e-02 2.39949999999999984e-30
3.21182602473500001e-01 6.42365204947000001e-01 5.30000000001131011e-01 1.54852165444329722e-02 1.35233218163830927e-02 2.40750000000000006e-30
3.30000000000000016e-01 6.60000000000000031e-01 5.44550043039158105e-01 1.60658245186382671e-02 1.52802223628306314e-02 2.40249999999999992e-30
3.33302700679500019e-01 6.66605401359000038e-01 5.50000000000270828e-01 1.62523340758714656e-02 1.59962428932156550e-02 2.37100000000000009e-30
3.40000000000000024e-01 6.80000000000000049e-01 5.61051559494890162e-01 1.65671318825061781e-02 1.75501561047412928e-02 2.25449999999999996e-30
3.45422798886000026e-01 6.90845597772000053e-01 5.70000000000235651e-01 1.67492456590715710e-02 1.89120574008187214e-02 2.10850000000000006e-30
3.49999999999999978e-01 6.99999999999999956e-01 5.77553075950622219e-01 1.68435026210575975e-02 2.01362471988229645e-02 1.94950000000000015e-30
3.57542897092499978e-01 7.15085794184999957e-01 5.90000000000200364e-01 1.68594085543243843e-02 2.23068062094702348e-02 1.61949999999999998e-30
3.59999999999999987e-01 7.19999999999999973e-01 5.94054592406354276e-01 1.68220589547375121e-02 2.30557064366782340e-02 1.49449999999999997e-30
3.69662995305000019e-01 7.39325990610000039e-01 6.10000000010066268e-01 1.64362291796434981e-02 2.62022306615276451e-02 9.30000000000000042e-31
3.69999999999999996e-01 7.39999999999999991e-01 6.10556108862086333e-01 1.64151783095864076e-02 2.63177536687809917e-02 9.08499999999999964e-31
3.80000000000000004e-01 7.60000000000000009e-01 6.27057625317818390e-01 1.55187321552775637e-02 2.99197957781687091e-02 2.24649999999999991e-31
3.81783093506500026e-01 7.63566187013000053e-01 6.30000000001780358e-01 1.52984312208517270e-02 3.05966334592535361e-02 1.02099999999999997e-31
3.90000000000000013e-01 7.80000000000000027e-01 6.43559141773550558e-01 1.40104817739582881e-02 3.38424288416340063e-02 5.14500000000000011e-31
3.93903191712000000e-01 7.87806383424000001e-01 6.50000000000094946e-01 1.32258251186710921e-02 3.54522033367225681e-02 8.06000000000000060e-31
4.00000000000000022e-01 8.00000000000000044e-01 6.60060658229282615e-01 1.17488417766723266e-02 3.80429377642015412e-02 1.25400000000000004e-30
4.06023289918000019e-01 8.12046579836000038e-01 6.69999999999234763e-01 9.95626082215694125e-03 4.06775807336542256e-02 1.67550000000000015e-30
4.09999999999999976e-01 8.19999999999999951e-01 6.76562174685014561e-01 8.57234807328949473e-03 4.24468697066138073e-02 1.93600000000000012e-30
4.18143388127000026e-01 8.36286776254000053e-01 6.90000000003325065e-01 5.18514534871569472e-03 4.61039916952420484e-02 2.40650000000000003e-30
4.19999999999999984e-01 8.39999999999999969e-01 6.93063691140746618e-01 4.30037253812467612e-03 4.69371338754882225e-02 2.49899999999999983e-30
4.29999999999999993e-01 8.59999999999999987e-01 7.09565207596478675e-01 -1.26403420049175735e-03 5.13399338151023649e-02 2.88400000000000014e-30
4.30263486332500000e-01 8.60526972665000001e-01 7.10000000001639653e-01 -1.43000464465125004e-03 5.14526834529729707e-02 2.89099999999999999e-30
4.40000000000000002e-01 8.80000000000000004e-01 7.26066724052210843e-01 -8.32772949745725147e-03 5.54066939327763075e-02 3.03699999999999989e-30
4.42383584537499985e-01 8.84767169074999971e-01 7.29999999999129234e-01 -1.02555060647826126e-02 5.62907226630337959e-02 3.03400000000000015e-30
4.50000000000000011e-01 9.00000000000000022e-01 7.42568240507942900e-01 -1.70951317116304728e-02 5.87910732081896661e-02 2.91349999999999992e-30
4.54503682742500026e-01 9.09007365485000052e-01 7.49999999996618927e-01 -2.16498248250442185e-02 5.99717841031820742e-02 2.75850000000000012e-30
4.60000000000000020e-01 9.20000000000000040e-01 7.59069756963674958e-01 -2.77460915394058850e-02 6.10203461462425351e-02 2.48100000000000002e-30
4.66623780950500000e-01 9.33247561901000000e-01 7.69999999999058993e-01 -3.58996122393402117e-02 6.15593562069805464e-02 2.01449999999999987e-30
4.69999999999999973e-01 9.39999999999999947e-01 7.75571273419406904e-01 -4.03978170484603147e-02 6.14612730691204631e-02 1.74299999999999995e-30
4.78743879157999985e-01 9.57487758315999971e-01 7.90000000000673941e-01 -5.30977064434167007e-02 5.97344343929851543e-02 1.01050000000000003e-30
4.79999999999999982e-01 9.59999999999999964e-01 7.92072789875139072e-01 -5.50412721636655278e-02 5.92829011800678554e-02 8.76999999999999954e-31
4.89999999999999991e-01 9.79999999999999982e-01 8.08574306330871129e-01 -7.14379353246481774e-02 5.34241199712981937e-02 8.08499999999999955e-31
4.90863977364499993e-01 9.81727954728999985e-01 8.10000000000638765e-01 -7.29201885257556026e-02 5.27044513468515399e-02 9.45999999999999967e-31
5.00000000000000000e-01 1.00000000000000000e+00 8.25075822786603186e-01 -8.89580842943651501e-02 4.25850579459683271e-02 2.53799999999999988e-30
5.02984075570000022e-01 1.00596815114000004e+00 8.29999999998953575e-01 -9.42383514901822261e-02 3.81680944737303532e-02 3.10800000000000013e-30
5.10000000000000009e-01 1.02000000000000002e+00 8.41577339242335243e-01 -1.06340432700381571e-01 2.52829651149763489e-02 4.53800000000000004e-30
5.15104173779999952e-01 1.03020834755999990e+00 8.50000000004693779e-01 -1.14491792578367432e-01 1.34759659379832999e-02 5.80499999999999992e-30
5.20000000000000018e-01 1.04000000000000004e+00 8.58078855698067300e-01 -1.21364746170842669e-01 5.03465789467833180e-05 7.10000000000000059e-30
5.27224271984999993e-01 1.05444854396999999e+00 8.70000000002183471e-01 -1.28806509197785107e-01 -2.37083745907042086e-02 9.09000000000000048e-30
5.30000000000000027e-01 1.06000000000000005e+00 8.74580372153799468e-01 -1.30476160853861295e-01 -3.40928549174186121e-02 9.85499999999999956e-30
5.39344370190000033e-01 1.07868874038000007e+00 8.89999999999673164e-01 -1.29114670785356739e-01 -7.37006628593228075e-02 1.23700000000000002e-29
5.40000000000000036e-01 1.08000000000000007e+00 8.91081888609531525e-01 -1.28523937651826431e-01 -7.67086458428047901e-02 1.25399999999999994e-29
5.50000000000000044e-01 1.10000000000000009e+00 9.07583405065263582e-01 -1.09034974741034241e-01 -1.24393764609613891e-01 1.48550000000000014e-29
5.51464468394999963e-01 1.10292893678999993e+00 9.09999999997162634e-01 -1.04309118293072420e-01 -1.31378923075965798e-01 1.51450000000000011e-29
5.60000000000000053e-01 1.12000000000000011e+00 9.24084921520995639e-01 -6.58450261155571204e-02 -1.68771271152872299e-01 1.64749999999999993e-29
5.63584566605000004e-01 1.12716913321000001e+00 9.30000000002903060e-01 -4.39903970205738834e-02 -1.81245472741312447e-01 1.68250000000000007e-29
5.69999999999999951e-01 1.13999999999999990e+00 9.40586437976727585e-01 2.80596453192049353e-03 -1.95170917267823152e-01 1.70949999999999999e-29
5.75704664810000044e-01 1.15140932962000009e+00 9.50000000000392752e-01 5.04407556390431763e-02 -1.94992225677342063e-01 1.69250000000000007e-29
5.79999999999999960e-01 1.15999999999999992e+00 9.57087954432459642e-01 8.75365457727175222e-02 -1.85090428765528114e-01 1.66099999999999989e-29
5.87824763014999974e-01 1.17564952602999995e+00 9.69999999997882223e-01 1.48907389454618316e-01 -1.43461894675670942e-01 1.57450000000000012e-29
5.89999999999999969e-01 1.17999999999999994e+00 9.73589470888191699e-01 1.62636300309971504e-01 -1.26789156951855442e-01 1.53800000000000007e-29
5.99944861220000014e-01 1.19988972244000003e+00 9.89999999995371915e-01 1.93775649139959705e-01 -3.27474651516597992e-02 1.30399999999999994e-29
5.99999999999999978e-01 1.19999999999999996e+00 9.90090987343923756e-01 1.93780363889922980e-01 -3.21905925814699595e-02 1.30250000000000004e-29
6.06004910325000035e-01 1.21200982065000007e+00 9.99999999998242184e-01 1.82966733275665733e-01 2.61430239771552123e-02 1.12200000000000001e-29
6.09999999999999987e-01 1.21999999999999997e+00 1.00659250379965592e+00 1.64656627842468595e-01 5.93927830797899917e-02 9.95499999999999957e-30
6.12064959430000055e-01 1.22412991886000011e+00 1.01000000000111245e+00 1.52494993733378548e-01 7.39040697046581541e-02 9.29500000000000063e-30
6.19999999999999996e-01 1.23999999999999999e+00 1.02309402025538798e+00 9.64315496185800952e-02 1.09374683462378205e-01 6.90000000000000058e-30
6.24185057634999985e-01 1.24837011526999997e+00 1.02999999999860181e+00 6.59107578300528463e-02 1.15171616122615075e-01 5.78500000000000006e-30
6.30000000000000004e-01 1.26000000000000001e+00 1.03959553671112004e+00 2.81329350950201215e-02 1.11220415470468292e-01 4.46550000000000011e-30
6.36305155845000026e-01 1.27261031169000005e+00 1.05000000000434235e+00 -3.17594690239024480e-03 9.63838059291858840e-02 3.33849999999999996e-30
6.40000000000000013e-01 1.28000000000000003e+00 1.05609705316685210e+00 -1.63685152970278157e-02 8.50098027521361821e-02 2.81449999999999994e-30
6.48425254044999955e-01 1.29685050808999991e+00 1.06999999999358097e+00 -3.37304530632394767e-02 5.76858339690498115e-02 1.93099999999999998e-30
6.50000000000000022e-01 1.30000000000000004e+00 1.07259856962258415e+00 -3.53395512191356925e-02 5.28379649396925818e-02 1.80800000000000002e-30
6.60000000000000031e-01 1.32000000000000006e+00 1.08910008607831621e+00 -3.74161183465281932e-02 2.66067217559476273e-02 1.33650000000000008e-30
6.60545352254999996e-01 1.32109070450999999e+00 1.08999999999932151e+00 -3.72323269560362255e-02 2.54333517318234281e-02 1.32750000000000001e-30
6.70000000000000040e-01 1.34000000000000008e+00 1.10560160253404827e+00 -3.15130927100520306e-02 9.29808834590459959e-03 1.39850000000000007e-30
6.72665450465000037e-01 1.34533090093000007e+00 1.11000000000506205e+00 -2.94061590540422163e-02 6.06683193334923987e-03 1.47050000000000000e-30
6.80000000000000049e-01 1.36000000000000010e+00 1.12210311898978032e+00 -2.34030469159093452e-02 -3.91204189926038848e-04 1.70249999999999986e-30
6.89999999999999947e-01 1.37999999999999989e+00 1.13860463544551238e+00 -1.59195928580500960e-02 -4.86642227317285892e-03 2.00199999999999987e-30
6.99999999999999956e-01 1.39999999999999991e+00 1.15510615190124444e+00 -1.00553778519872159e-02 -6.25249129048108254e-03 2.22499999999999984e-30
7.09999999999999964e-01 1.41999999999999993e+00 1.17160766835697649e+00 -5.88438593492694555e-03 -6.03965154319990438e-03 2.36000000000000013e-30
7.19999999999999973e-01 1.43999999999999995e+00 1.18810918481270855e+00 -3.12095158086800675e-03 -5.14283786631296053e-03 2.41449999999999991e-30
