# w  |Q1|/w  |Q2|/w  err/w
# parity=ooe l1=2 l2=4 l=4 m1=2 m2=-2 source=bruno lambda1=3.0 lambda2=3.5
0.000100  1.1768570911e-03  4.4820315545e-04  7.2865393565e-04
0.001109  1.3073125329e-03  5.7647919087e-04  7.3083334200e-04
0.002118  1.4380470499e-03  7.0502720033e-04  7.3301984960e-04
0.003127  1.5690606236e-03  8.3384795909e-04  7.3521266453e-04
0.004136  1.7003540842e-03  9.6294226509e-04  7.3741181906e-04
0.005145  1.8319270896e-03  1.0923108936e-03  7.3961619603e-04
0.006155  1.9637806080e-03  1.2219545838e-03  7.4182602417e-04
0.007164  2.0959150186e-03  1.3518742511e-03  7.4404076745e-04
0.008173  2.2283302688e-03  1.4820705537e-03  7.4625971511e-04
0.009182  2.3610267550e-03  1.6125443659e-03  7.4848238903e-04
0.010191  2.4940054040e-03  1.7432963761e-03  7.5070902791e-04
0.011200  2.6272659929e-03  1.8743274754e-03  7.5293851759e-04
0.012209  2.7608091825e-03  2.0056383907e-03  7.5517079185e-04
0.013218  2.8946352635e-03  2.1372298954e-03  7.5740536810e-04
0.014227  3.0287445833e-03  2.2691028194e-03  7.5964176386e-04
0.015236  3.1631375872e-03  2.4012579183e-03  7.6187966889e-04
0.016245  3.2978146221e-03  2.5336960052e-03  7.6411861688e-04
0.017255  3.4327760651e-03  2.6664177897e-03  7.6635827539e-04
0.018264  3.5680224073e-03  2.7994241161e-03  7.6859829121e-04
0.019273  3.7035539710e-03  2.9327157052e-03  7.7083826578e-04
0.020282  3.8393707654e-03  3.0662935747e-03  7.7307719070e-04
0.021291  3.9754738236e-03  3.2001582785e-03  7.7531554514e-04
0.022300  4.1118632436e-03  3.3343106102e-03  7.7755263339e-04
0.023309  4.2485392433e-03  3.4687514543e-03  7.7978778897e-04
0.024318  4.3855025896e-03  3.6034815304e-03  7.8202105925e-04
0.025327  4.5227536643e-03  3.7385016052e-03  7.8425205911e-04
0.026336  4.6602924540e-03  3.8738126346e-03  7.8647981945e-04
0.027345  4.7981199469e-03  4.0094151063e-03  7.8870484060e-04
0.028355  4.9362360982e-03  4.1453101276e-03  7.9092597054e-04
0.029364  5.0746419430e-03  4.2814981861e-03  7.9314375695e-04
0.030373  5.2133371976e-03  4.4179803629e-03  7.9535683469e-04
0.031382  5.3523230742e-03  4.5547572002e-03  7.9756587400e-04
0.032391  5.4915993001e-03  4.6918297248e-03  7.9976957531e-04
0.033400  5.6311669665e-03  4.8291985019e-03  8.0196846461e-04
0.034409  5.7710261585e-03  4.9668645083e-03  8.0416165016e-04
0.035418  5.9111775144e-03  5.1048282723e-03  8.0634924209e-04
0.036427  6.0516217281e-03  5.2430909101e-03  8.0853081803e-04
0.037436  6.1923587917e-03  5.3816530039e-03  8.1070578782e-04
0.038445  6.3333899397e-03  5.5205153621e-03  8.1287457759e-04
0.039455  6.4747151002e-03  5.6596789682e-03  8.1503613197e-04
0.040464  6.6163347473e-03  5.7991443998e-03  8.1719034746e-04
0.041473  6.7582502613e-03  5.9389125467e-03  8.1933771466e-04
0.042482  6.9004614228e-03  6.0789841627e-03  8.2147726009e-04
0.043491  7.0429689733e-03  6.2193600452e-03  8.2360892807e-04
0.044500  7.1857736955e-03  6.3600411605e-03  8.2573253497e-04
0.045509  7.3288761001e-03  6.5010281696e-03  8.2784793047e-04
0.046518  7.4722766422e-03  6.6423217171e-03  8.2995492516e-04
0.047527  7.6159761847e-03  6.7839229891e-03  8.3205319560e-04
0.048536  7.7599754192e-03  6.9258326058e-03  8.3414281334e-04
0.049545  7.9042744775e-03  7.0680511210e-03  8.3622335652e-04
0.050555  8.0488746211e-03  7.2105798003e-03  8.3829482084e-04
0.051564  8.1937765894e-03  7.3534192826e-03  8.4035730678e-04
0.052573  8.3389801944e-03  7.4965702572e-03  8.4240993721e-04
0.053582  8.4844870730e-03  7.6400336104e-03  8.4445346261e-04
0.054591  8.6302977743e-03  7.7838101979e-03  8.4648757640e-04
0.055600  8.7764126516e-03  7.9279010785e-03  8.4851157307e-04
0.056609  8.9228326877e-03  8.0723065413e-03  8.5052614644e-04
0.057618  9.0695585375e-03  8.2170278032e-03  8.5253073430e-04
0.058627  9.2165916220e-03  8.3620656057e-03  8.5452601631e-04
0.059636  9.3639317243e-03  8.5074209927e-03  8.5651073160e-04
0.060645  9.5115802538e-03  8.6530943404e-03  8.5848591337e-04
0.061655  9.6595377441e-03  8.7990868312e-03  8.6045091291e-04
0.062664  9.8078057490e-03  8.9453991496e-03  8.6240659931e-04
0.063673  9.9563842552e-03  9.0920324712e-03  8.6435178397e-04
0.064682  1.0105274508e-02  9.2389871781e-03  8.6628733014e-04
0.065691  1.0254477019e-02  9.3862643689e-03  8.6821265037e-04
0.066700  1.0403993720e-02  9.5338648043e-03  8.7012891523e-04
0.067709  1.0553824534e-02  9.6817895595e-03  8.7203497457e-04
0.068718  1.0703970942e-02  9.8300392833e-03  8.7393165851e-04
0.069727  1.0854433102e-02  9.9786148982e-03  8.7581820350e-04
0.070736  1.1005212951e-02  1.0127517196e-02  8.7769575500e-04
0.071745  1.1156311170e-02  1.0276747219e-02  8.7956395014e-04
0.072755  1.1307728747e-02  1.0426305740e-02  8.8142300698e-04
0.073764  1.1459466698e-02  1.0576193703e-02  8.8327299508e-04
0.074773  1.1611525216e-02  1.0726411893e-02  8.8511332266e-04
0.075782  1.1763907040e-02  1.0876961143e-02  8.8694589682e-04
0.076791  1.1916611671e-02  1.1027842576e-02  8.8876909528e-04
0.077800  1.2069641354e-02  1.1179056846e-02  8.9058450829e-04
0.078809  1.2222996669e-02  1.1330605098e-02  8.9239157077e-04
0.079818  1.2376678126e-02  1.1482487945e-02  8.9419018104e-04
0.080827  1.2530687832e-02  1.1634706403e-02  8.9598142927e-04
0.081836  1.2685026232e-02  1.1787261524e-02  8.9776470864e-04
0.082845  1.2839695067e-02  1.1940153955e-02  8.9954111206e-04
0.083855  1.2994695565e-02  1.2093384878e-02  9.0131068729e-04
0.084864  1.3150027890e-02  1.2246955008e-02  9.0307288230e-04
0.085873  1.3305694150e-02  1.2400865224e-02  9.0482892570e-04
0.086882  1.3461695104e-02  1.2555116668e-02  9.0657843596e-04
0.087891  1.3618031995e-02  1.2709710086e-02  9.0832190932e-04
0.088900  1.3774706781e-02  1.2864646477e-02  9.1006030360e-04
0.089909  1.3931719925e-02  1.3019926793e-02  9.1179313150e-04
0.090918  1.4089072745e-02  1.3175551815e-02  9.1352092985e-04
0.091927  1.4246766863e-02  1.3331522567e-02  9.1524429603e-04
0.092936  1.4404802805e-02  1.3487840031e-02  9.1696277330e-04
0.093945  1.4563182464e-02  1.3644505014e-02  9.1867744933e-04
0.094955  1.4721907458e-02  1.3801518703e-02  9.2038875492e-04
0.095964  1.4880978424e-02  1.3958881800e-02  9.2209662472e-04
0.096973  1.5040397048e-02  1.4116595276e-02  9.2380177187e-04
0.097982  1.5200164690e-02  1.4274660135e-02  9.2550455515e-04
0.098991  1.5360282114e-02  1.4433077176e-02  9.2720493841e-04
0.100000  1.5520750920e-02  1.4591847428e-02  9.2890349193e-04
