# w  |Q1|/w  |Q2|/w  err/w
# parity=ooe l1=2 l2=4 l=2 m1=2 m2=-2 source=bruno lambda1=3.0 lambda2=3.5
0.000100  4.4823618375e-04  1.2528566106e-04  3.2295052269e-04
0.001109  3.8629301384e-04  6.4176398582e-05  3.2211661525e-04
0.002118  3.2408273815e-04  2.8178467292e-06  3.2126489142e-04
0.003127  2.6160474737e-04  5.8790719469e-05  2.0281402790e-04
0.004136  1.9885786537e-04  1.2065001290e-04  7.8207852468e-05
0.005145  1.3584145583e-04  1.8276075952e-04  4.6919303690e-05
0.006155  7.2554481375e-05  2.4512366795e-04  1.7256918658e-04
0.007164  8.9960500055e-06  3.0773945410e-04  2.9874340410e-04
0.008173  5.4834688396e-05  3.7060882312e-04  3.1577413472e-04
0.009182  1.1893865778e-04  4.3373248161e-04  3.1479382383e-04
0.010191  1.8331673650e-04  4.9711112371e-04  3.1379438721e-04
0.011200  2.4796980894e-04  5.6074545313e-04  3.1277564419e-04
0.012209  3.1289875457e-04  6.2463615425e-04  3.1173739967e-04
0.013218  3.7810450187e-04  6.8878392741e-04  3.1067942554e-04
0.014227  4.4358801077e-04  7.5318944853e-04  3.0960143776e-04
0.015236  5.0935007531e-04  8.1785340031e-04  3.0850332499e-04
0.016245  5.7539161766e-04  8.8277645806e-04  3.0738484040e-04
0.017255  6.4171352021e-04  9.4795928218e-04  3.0624576197e-04
0.018264  7.0831671138e-04  1.0134025699e-03  3.0508585856e-04
0.019273  7.7520209195e-04  1.0791069549e-03  3.0390486290e-04
0.020282  8.4237032142e-04  1.1450730866e-03  3.0270276520e-04
0.021291  9.0982274397e-04  1.2113016277e-03  3.0147888376e-04
0.022300  9.7755984122e-04  1.2777932358e-03  3.0023339462e-04
0.023309  1.0455826279e-03  1.3445485062e-03  2.9896587833e-04
0.024318  1.1138921515e-03  1.4115681199e-03  2.9767596845e-04
0.025327  1.1824889904e-03  1.4788526854e-03  2.9636369493e-04
0.026336  1.2513742147e-03  1.5464028024e-03  2.9502858770e-04
0.027345  1.3205487708e-03  1.6142191016e-03  2.9367033078e-04
0.028355  1.3900133294e-03  1.6823021826e-03  2.9228885321e-04
0.029364  1.4597689974e-03  1.7506526715e-03  2.9088367415e-04
0.030373  1.5298163618e-03  1.8192711108e-03  2.8945474899e-04
0.031382  1.6001565851e-03  1.8881581322e-03  2.8800154704e-04
0.032391  1.6707902695e-03  1.9573142673e-03  2.8652399783e-04
0.033400  1.7417184598e-03  2.0267401230e-03  2.8502166313e-04
0.034409  1.8129419395e-03  2.0964362364e-03  2.8349429688e-04
0.035418  1.8844614851e-03  2.1664031575e-03  2.8194167247e-04
0.036427  1.9562781667e-03  2.2366414696e-03  2.8036330289e-04
0.037436  2.0283925549e-03  2.3071516043e-03  2.7875904942e-04
0.038445  2.1008058095e-03  2.3779341995e-03  2.7712838998e-04
0.039455  2.1735185243e-03  2.4489897194e-03  2.7547119503e-04
0.040464  2.2465313994e-03  2.5203186421e-03  2.7378724273e-04
0.041473  2.3198456136e-03  2.5919215396e-03  2.7207592608e-04
0.042482  2.3934617738e-03  2.6637988009e-03  2.7033702706e-04
0.043491  2.4673807325e-03  2.7359509496e-03  2.6857021718e-04
0.044500  2.5416032786e-03  2.8083784681e-03  2.6677518943e-04
0.045509  2.6161301635e-03  2.8810817606e-03  2.6495159714e-04
0.046518  2.6909622909e-03  2.9540612606e-03  2.6309896967e-04
0.047527  2.7661003756e-03  3.0273174537e-03  2.6121707807e-04
0.048536  2.8415451491e-03  3.1008507145e-03  2.5930556540e-04
0.049545  2.9172974388e-03  3.1746613994e-03  2.5736396057e-04
0.050555  2.9933579497e-03  3.2487499822e-03  2.5539203244e-04
0.051564  3.0697275442e-03  3.3231167843e-03  2.5338924005e-04
0.052573  3.1464067781e-03  3.3977621530e-03  2.5135537492e-04
0.053582  3.2233963888e-03  3.4726864532e-03  2.4929006441e-04
0.054591  3.3006973965e-03  3.5478899994e-03  2.4719260284e-04
0.055600  3.3783100464e-03  3.6233731450e-03  2.4506309857e-04
0.056609  3.4562353323e-03  3.6991360891e-03  2.4290075685e-04
0.057618  3.5344737878e-03  3.7751792024e-03  2.4070541454e-04
0.058627  3.6130262486e-03  3.8515027058e-03  2.3847645724e-04
0.059636  3.6918931544e-03  3.9281068632e-03  2.3621370883e-04
0.060645  3.7710751658e-03  4.0049918420e-03  2.3391667620e-04
0.061655  3.8505729888e-03  4.0821578949e-03  2.3158490602e-04
0.062664  3.9303872239e-03  4.1596051725e-03  2.2921794856e-04
0.063673  4.0105184047e-03  4.2373338800e-03  2.2681547531e-04
0.064682  4.0909670119e-03  4.3153440841e-03  2.2437707216e-04
0.065691  4.1717336292e-03  4.3936359344e-03  2.2190230517e-04
0.066700  4.2528189086e-03  4.4722095107e-03  2.1939060209e-04
0.067709  4.3342231885e-03  4.5510648898e-03  2.1684170133e-04
0.068718  4.4159470510e-03  4.6302020857e-03  2.1425503475e-04
0.069727  4.4979906744e-03  4.7096211123e-03  2.1163043782e-04
0.070736  4.5803548412e-03  4.7893219236e-03  2.0896708236e-04
0.071745  4.6630396521e-03  4.8693044882e-03  2.0626483608e-04
0.072755  4.7460457601e-03  4.9495686994e-03  2.0352293932e-04
0.073764  4.8293731635e-03  5.0301144446e-03  2.0074128109e-04
0.074773  4.9130222770e-03  5.1109415532e-03  1.9791927626e-04
0.075782  4.9969933835e-03  5.1920498023e-03  1.9505641883e-04
0.076791  5.0812866302e-03  5.2734389654e-03  1.9215233520e-04
0.077800  5.1659023838e-03  5.3551087420e-03  1.8920635821e-04
0.078809  5.2508404841e-03  5.4370588242e-03  1.8621834006e-04
0.079818  5.3361011504e-03  5.5192887935e-03  1.8318764314e-04
0.080827  5.4216843395e-03  5.6017982190e-03  1.8011387958e-04
0.081836  5.5075900203e-03  5.6845866007e-03  1.7699658039e-04
0.082845  5.5938182752e-03  5.7676533687e-03  1.7383509347e-04
0.083855  5.6803687525e-03  5.8509979132e-03  1.7062916064e-04
0.084864  5.7672412885e-03  5.9346195438e-03  1.6737825529e-04
0.085873  5.8544355652e-03  6.0185174829e-03  1.6408191769e-04
0.086882  5.9419510880e-03  6.1026909007e-03  1.6073981267e-04
0.087891  6.0297875985e-03  6.1871388509e-03  1.5735125238e-04
0.088900  6.1179444757e-03  6.2718602972e-03  1.5391582155e-04
0.089909  6.2064210150e-03  6.3568541096e-03  1.5043309461e-04
0.090918  6.2952165481e-03  6.4421190827e-03  1.4690253454e-04
0.091927  6.3843300467e-03  6.5276538603e-03  1.4332381360e-04
0.092936  6.4737604801e-03  6.6134569875e-03  1.3969650736e-04
0.093945  6.5635068790e-03  6.6995268537e-03  1.3601997475e-04
0.094955  6.6535678696e-03  6.7858617307e-03  1.3229386114e-04
0.095964  6.7439420162e-03  6.8724596710e-03  1.2851765482e-04
0.096973  6.8346278176e-03  6.9593186289e-03  1.2469081134e-04
0.097982  6.9256233388e-03  7.0464363755e-03  1.2081303670e-04
0.098991  7.0169265383e-03  7.1338104433e-03  1.1688390502e-04
0.100000  7.1085353054e-03  7.2214382003e-03  1.1290289492e-04
