# w  |Q1|/w  |Q2|/w  err/w
# parity=ooe l1=2 l2=2 l=4 m1=2 m2=-2 source=bruno lambda1=3.0 lambda2=3.5
0.000100  3.9617956645e-05  1.1257078475e-05  2.8360878170e-05
0.001109  1.7906856549e-05  1.0427704389e-05  7.4791521598e-06
0.002118  3.9162930958e-06  3.2223747700e-05  2.8307454604e-05
0.003127  2.5852293459e-05  5.4131866349e-05  2.8279572890e-05
0.004136  4.7901928906e-05  7.6152886669e-05  2.8250957763e-05
0.005145  7.0066015729e-05  9.8287640300e-05  2.8221624571e-05
0.006155  9.2345360042e-05  1.2053696750e-04  2.8191607459e-05
0.007164  1.1474078694e-04  1.4290171912e-04  2.8160932181e-05
0.008173  1.3725311473e-04  1.6538274750e-04  2.8129632777e-05
0.009182  1.5988318641e-04  1.8798092580e-04  2.8097739391e-05
0.010191  1.8263184355e-04  2.1069711520e-04  2.8065271650e-05
0.011200  2.0549993911e-04  2.3353220697e-04  2.8032267855e-05
0.012209  2.2848830957e-04  2.5648710685e-04  2.7998797284e-05
0.013218  2.5159784768e-04  2.7956268442e-04  2.7964836736e-05
0.014227  2.7482941932e-04  3.0275986492e-04  2.7930445597e-05
0.015236  2.9818390631e-04  3.2607957447e-04  2.7895668165e-05
0.016245  3.2166220086e-04  3.4952274896e-04  2.7860548094e-05
0.017255  3.4526520834e-04  3.7309029330e-04  2.7825084957e-05
0.018264  3.6899383855e-04  3.9678317280e-04  2.7789334257e-05
0.019273  3.9284899122e-04  4.2060234656e-04  2.7753355342e-05
0.020282  4.1683160037e-04  4.4454878711e-04  2.7717186749e-05
0.021291  4.4094262194e-04  4.6862346050e-04  2.7680838563e-05
0.022300  4.6518299702e-04  4.9282734471e-04  2.7644347695e-05
0.023309  4.8955364769e-04  5.1716145283e-04  2.7607805136e-05
0.024318  5.1405558970e-04  5.4162678879e-04  2.7571199095e-05
0.025327  5.3868976339e-04  5.6622434723e-04  2.7534583840e-05
0.026336  5.6345715111e-04  5.9095518708e-04  2.7498035972e-05
0.027345  5.8835879522e-04  6.1582033849e-04  2.7461543263e-05
0.028355  6.1339563015e-04  6.4082084245e-04  2.7425212298e-05
0.029364  6.3856875572e-04  6.6595776334e-04  2.7389007616e-05
0.030373  6.6387911113e-04  6.9123217325e-04  2.7353062125e-05
0.031382  6.8932782524e-04  7.1664515311e-04  2.7317327863e-05
0.032391  7.1491585802e-04  7.4219779922e-04  2.7281941203e-05
0.033400  7.4064435958e-04  7.6789121695e-04  2.7246857366e-05
0.034409  7.6651432875e-04  7.9372653031e-04  2.7212201558e-05
0.035418  7.9252689832e-04  8.1970486037e-04  2.7177962052e-05
0.036427  8.1868316412e-04  8.4582736287e-04  2.7144198748e-05
0.037436  8.4498417513e-04  8.7209517309e-04  2.7110997963e-05
0.038445  8.7143115062e-04  8.9850946523e-04  2.7078314605e-05
0.039455  8.9802513237e-04  9.2507142983e-04  2.7046297455e-05
0.040464  9.2476732635e-04  9.5178225325e-04  2.7014926905e-05
0.041473  9.5165890624e-04  9.7864314263e-04  2.6984236390e-05
0.042482  9.7870095478e-04  1.0056553068e-03  2.6954351997e-05
0.043491  1.0058947628e-03  1.0328200022e-03  2.6925239351e-05
0.044500  1.0332415081e-03  1.0601384531e-03  2.6896944928e-05
0.045509  1.0607423304e-03  1.0876119195e-03  2.6869589094e-05
0.046518  1.0883985580e-03  1.1152416953e-03  2.6843137252e-05
0.047527  1.1162114182e-03  1.1430290677e-03  2.6817649493e-05
0.048536  1.1441820924e-03  1.1709753167e-03  2.6793224224e-05
0.049545  1.1723119320e-03  1.1990817865e-03  2.6769854477e-05
0.050555  1.2006022458e-03  1.2273498024e-03  2.6747556646e-05
0.051564  1.2290542627e-03  1.2557807154e-03  2.6726452703e-05
0.052573  1.2576693192e-03  1.2843758808e-03  2.6706561580e-05
0.053582  1.2864488278e-03  1.3131366924e-03  2.6687864551e-05
0.054591  1.3153940915e-03  1.3420645375e-03  2.6670446001e-05
0.055600  1.3445064329e-03  1.3711608253e-03  2.6654392356e-05
0.056609  1.3737873056e-03  1.4004269927e-03  2.6639687122e-05
0.057618  1.4032381373e-03  1.4298644993e-03  2.6626361991e-05
0.058627  1.4328603055e-03  1.4594747849e-03  2.6614479417e-05
0.059636  1.4626552075e-03  1.4892593305e-03  2.6604123080e-05
0.060645  1.4926243857e-03  1.5192196472e-03  2.6595261501e-05
0.061655  1.5227693164e-03  1.5493572456e-03  2.6587929203e-05
0.062664  1.5530914692e-03  1.5796736785e-03  2.6582209319e-05
0.063673  1.5835923080e-03  1.6101704680e-03  2.6578159970e-05
0.064682  1.6142734397e-03  1.6408491953e-03  2.6575755563e-05
0.065691  1.6451364315e-03  1.6717114531e-03  2.6575021577e-05
0.066700  1.6761828471e-03  1.7027588607e-03  2.6576013614e-05
0.067709  1.7074142285e-03  1.7339930592e-03  2.6578830679e-05
0.068718  1.7388322155e-03  1.7654156514e-03  2.6583435893e-05
0.069727  1.7704384927e-03  1.7970283442e-03  2.6589851511e-05
0.070736  1.8022347225e-03  1.8288328155e-03  2.6598093008e-05
0.071745  1.8342225584e-03  1.8608308033e-03  2.6608244895e-05
0.072755  1.8664036690e-03  1.8930240129e-03  2.6620343890e-05
0.073764  1.8987798150e-03  1.9254141942e-03  2.6634379199e-05
0.074773  1.9313527807e-03  1.9580031403e-03  2.6650359634e-05
0.075782  1.9641243470e-03  1.9907926606e-03  2.6668313650e-05
0.076791  1.9970962763e-03  2.0237845533e-03  2.6688277022e-05
0.077800  2.0302703746e-03  2.0569806871e-03  2.6710312449e-05
0.078809  2.0636484973e-03  2.0903829079e-03  2.6734410511e-05
0.079818  2.0972325588e-03  2.1239931220e-03  2.6760563252e-05
0.080827  2.1310244675e-03  2.1578132559e-03  2.6788788352e-05
0.081836  2.1650261267e-03  2.1918452203e-03  2.6819093578e-05
0.082845  2.1992394727e-03  2.2260910500e-03  2.6851577323e-05
0.083855  2.2336664667e-03  2.2605526791e-03  2.6886212442e-05
0.084864  2.2683091453e-03  2.2952321301e-03  2.6922984800e-05
0.085873  2.3031695717e-03  2.3301314641e-03  2.6961892478e-05
0.086882  2.3382498015e-03  2.3652527510e-03  2.7002949442e-05
0.087891  2.3735519158e-03  2.4005981086e-03  2.7046192809e-05
0.088900  2.4090780212e-03  2.4361696682e-03  2.7091647077e-05
0.089909  2.4448302487e-03  2.4719695625e-03  2.7139313806e-05
0.090918  2.4808108173e-03  2.5079999681e-03  2.7189150774e-05
0.091927  2.5170219573e-03  2.5442631246e-03  2.7241167275e-05
0.092936  2.5534659073e-03  2.5807612690e-03  2.7295361770e-05
0.093945  2.5901449443e-03  2.6174966840e-03  2.7351739775e-05
0.094955  2.6270613604e-03  2.6544716944e-03  2.7410334041e-05
0.095964  2.6642174809e-03  2.6916886251e-03  2.7471144216e-05
0.096973  2.7016156937e-03  2.7291498210e-03  2.7534127332e-05
0.097982  2.7392584326e-03  2.7668577003e-03  2.7599267688e-05
0.098991  2.7771481487e-03  2.8048147087e-03  2.7666559999e-05
0.100000  2.8152873230e-03  2.8430233089e-03  2.7735985874e-05
