# w  |Q1|/w  |Q2|/w  err/w
# parity=ooe l1=2 l2=2 l=2 m1=2 m2=-2 source=bruno lambda1=3.0 lambda2=3.5
0.000100  7.4936081344e-04  1.6830681550e-04  5.8105399794e-04
0.001109  7.6882727123e-05  5.0139449121e-04  4.2451176409e-04
0.002118  5.9869377456e-04  1.1741601267e-03  5.7546635218e-04
0.003127  1.2773967160e-03  1.8500182060e-03  5.7262149000e-04
0.004136  1.9592530090e-03  2.5289970997e-03  5.6974409064e-04
0.005145  2.6442915863e-03  3.2111247692e-03  5.6683318291e-04
0.006155  3.3325403218e-03  3.8964300349e-03  5.6388971307e-04
0.007164  4.0240282191e-03  4.5849423360e-03  5.6091411687e-04
0.008173  4.7187842998e-03  5.2766908066e-03  5.5790650679e-04
0.009182  5.4168373047e-03  5.9717054016e-03  5.5486809690e-04
0.010191  6.1182167243e-03  6.6700155277e-03  5.5179880337e-04
0.011200  6.8229524442e-03  7.3716521641e-03  5.4869971989e-04
0.012209  7.5310754445e-03  8.0766454577e-03  5.4557001320e-04
0.013218  8.2426150727e-03  8.7850263228e-03  5.4241125011e-04
0.014227  8.9576024159e-03  9.4968261293e-03  5.3922371345e-04
0.015236  9.6760686273e-03  1.0212076731e-02  5.3600810357e-04
0.016245  1.0398045083e-02  1.0930809644e-02  5.3276456123e-04
0.017255  1.1123563556e-02  1.1653057026e-02  5.2949347054e-04
0.018264  1.1852656262e-02  1.2378851643e-02  5.2619538129e-04
0.019273  1.2585355879e-02  1.3108226567e-02  5.2287068751e-04
0.020282  1.3321695308e-02  1.3841216411e-02  5.1952110249e-04
0.021291  1.4061707072e-02  1.4577853291e-02  5.1614621953e-04
0.022300  1.4805425509e-02  1.5318171282e-02  5.1274577284e-04
0.023309  1.5552884866e-02  1.6062206809e-02  5.0932194290e-04
0.024318  1.6304118663e-02  1.6809993134e-02  5.0587447131e-04
0.025327  1.7059162636e-02  1.7561565631e-02  5.0240299550e-04
0.026336  1.7818051521e-02  1.8316962081e-02  4.9891055926e-04
0.027345  1.8580821490e-02  1.9076215842e-02  4.9539435191e-04
0.028355  1.9347508330e-02  1.9839366700e-02  4.9185836953e-04
0.029364  2.0118149058e-02  2.0606448722e-02  4.8829966399e-04
0.030373  2.0892780299e-02  2.1377502577e-02  4.8472227819e-04
0.031382  2.1671440182e-02  2.2152563323e-02  4.8112314077e-04
0.032391  2.2454166039e-02  2.2931672621e-02  4.7750658254e-04
0.033400  2.3240997424e-02  2.3714866420e-02  4.7386899588e-04
0.034409  2.4031972253e-02  2.4502187215e-02  4.7021496152e-04
0.035418  2.4827131250e-02  2.5293672750e-02  4.6654149980e-04
0.036427  2.5626513795e-02  2.6089364960e-02  4.6285116532e-04
0.037436  2.6430160415e-02  2.6889304997e-02  4.5914458204e-04
0.038445  2.7238113425e-02  2.7693533083e-02  4.5541965868e-04
0.039455  2.8050413286e-02  2.8502094040e-02  4.5168075387e-04
0.040464  2.8867103546e-02  2.9315028482e-02  4.4792493611e-04
0.041473  2.9688227012e-02  3.0132380253e-02  4.4415324097e-04
0.042482  3.0513826084e-02  3.0954194956e-02  4.4036887213e-04
0.043491  3.1343946942e-02  3.1780515090e-02  4.3656814831e-04
0.044500  3.2178633669e-02  3.2611386912e-02  4.3275324369e-04
0.045509  3.3017930728e-02  3.3446857213e-02  4.2892648433e-04
0.046518  3.3861886337e-02  3.4286970875e-02  4.2508453763e-04
0.047527  3.4710546832e-02  3.5131775918e-02  4.2122908604e-04
0.048536  3.5563958588e-02  3.5981321316e-02  4.1736272833e-04
0.049545  3.6422171453e-02  3.6835654270e-02  4.1348281640e-04
0.050555  3.7285234969e-02  3.7694823988e-02  4.0958901809e-04
0.051564  3.8153197632e-02  3.8558882858e-02  4.0568522559e-04
0.052573  3.9026110170e-02  3.9427879779e-02  4.0176960878e-04
0.053582  3.9904026014e-02  4.0301866192e-02  3.9784017780e-04
0.054591  4.0786996337e-02  4.1180895954e-02  3.9389961669e-04
0.055600  4.1675073262e-02  4.2065022359e-02  3.8994909673e-04
0.056609  4.2568312140e-02  4.2954298560e-02  3.8598642015e-04
0.057618  4.3466768676e-02  4.3848779315e-02  3.8201063818e-04
0.058627  4.4370497776e-02  4.4748522087e-02  3.7802431068e-04
0.059636  4.5279555150e-02  4.5653583267e-02  3.7402811646e-04
0.060645  4.6194000220e-02  4.6564019591e-02  3.7001937031e-04
0.061655  4.7113892089e-02  4.7479889681e-02  3.6599759229e-04
0.062664  4.8039289956e-02  4.8401254601e-02  3.6196464499e-04
0.063673  4.8970253171e-02  4.9328174861e-02  3.5792169028e-04
0.064682  4.9906844996e-02  5.0260710967e-02  3.5386597166e-04
0.065691  5.0849129125e-02  5.1198925689e-02  3.4979656376e-04
0.066700  5.1797169207e-02  5.2142883430e-02  3.4571422319e-04
0.067709  5.2751029225e-02  5.3092650152e-02  3.4162092747e-04
0.068718  5.3710775582e-02  5.4048290357e-02  3.3751477463e-04
0.069727  5.4676477115e-02  5.5009871191e-02  3.3339407613e-04
0.070736  5.5648202857e-02  5.5977460903e-02  3.2925804627e-04
0.071745  5.6626022205e-02  5.6951130034e-02  3.2510782858e-04
0.072755  5.7610005126e-02  5.7930949704e-02  3.2094457745e-04
0.073764  5.8600224886e-02  5.8916990409e-02  3.1676552230e-04
0.074773  5.9596756325e-02  5.9909326081e-02  3.1256975580e-04
0.075782  6.0599674970e-02  6.0908030776e-02  3.0835580595e-04
0.076791  6.1609056591e-02  6.1913181598e-02  3.0412500702e-04
0.077800  6.2624978722e-02  6.2924856077e-02  2.9987735555e-04
0.078809  6.3647520530e-02  6.3943131805e-02  2.9561127406e-04
0.079818  6.4676764026e-02  6.4968088962e-02  2.9132493646e-04
0.080827  6.5712792225e-02  6.5999808892e-02  2.8701666683e-04
0.081836  6.6755688098e-02  6.7038375081e-02  2.8268698288e-04
0.082845  6.7805537033e-02  6.8083872660e-02  2.7833562692e-04
0.083855  6.8862425036e-02  6.9136387206e-02  2.7396216993e-04
0.084864  6.9926441090e-02  7.0196005583e-02  2.6956449281e-04
0.085873  7.0997676340e-02  7.1262816830e-02  2.6514048958e-04
0.086882  7.2076222207e-02  7.2336911107e-02  2.6068890026e-04
0.087891  7.3162171616e-02  7.3418381292e-02  2.5620967678e-04
0.088900  7.4255619200e-02  7.4507321377e-02  2.5170217629e-04
0.089909  7.5356660513e-02  7.5603826406e-02  2.4716589233e-04
0.090918  7.6465394265e-02  7.6707992290e-02  2.4259802427e-04
0.091927  7.7581920743e-02  7.7819917613e-02  2.3799687069e-04
0.092936  7.8706341045e-02  7.8939701796e-02  2.3336075053e-04
0.093945  7.9838757723e-02  8.0067446383e-02  2.2868865991e-04
0.094955  8.0979274923e-02  8.1203254559e-02  2.2397963603e-04
0.095964  8.2127997474e-02  8.2347231159e-02  2.1923368467e-04
0.096973  8.3285032553e-02  8.3499480590e-02  2.1444803703e-04
0.097982  8.4450489435e-02  8.4660109877e-02  2.0962044189e-04
0.098991  8.5624478109e-02  8.5829227239e-02  2.0474912982e-04
0.100000  8.6807109570e-02  8.7006941853e-02  1.9983228280e-04
