# w  |Q1|/w  |Q2|/w  err/w
# parity=ooe l1=2 l2=3 l=3 m1=2 m2=-3 source=bruno lambda1=3.0 lambda2=3.5
0.000100  4.7904474067e-04  1.8719753281e-04  2.9184720786e-04
0.001109  6.7525798616e-04  3.8266440981e-04  2.9259357636e-04
0.002118  8.7212253023e-04  5.7878081268e-04  2.9334171756e-04
0.003127  1.0696428617e-03  7.7554994662e-04  2.9409291503e-04
0.004136  1.2678215876e-03  9.7297515640e-04  2.9484643122e-04
0.005145  1.4666632741e-03  1.1710597017e-03  2.9560357244e-04
0.006155  1.6661712232e-03  1.3698069026e-03  2.9636432055e-04
0.007164  1.8663490486e-03  1.5692200599e-03  2.9712898873e-04
0.008173  2.0672012551e-03  1.7693027183e-03  2.9789853677e-04
0.009182  2.2687306740e-03  1.9700581919e-03  2.9867248212e-04
0.010191  2.4709421741e-03  2.1714896914e-03  2.9945248268e-04
0.011200  2.6738384843e-03  2.3736009713e-03  3.0023751308e-04
0.012209  2.8774246787e-03  2.5763954134e-03  3.0102926531e-04
0.013218  3.0817035452e-03  2.7798764779e-03  3.0182706723e-04
0.014227  3.2866795168e-03  2.9840476548e-03  3.0263186198e-04
0.015236  3.4923572791e-03  3.1889126176e-03  3.0344466154e-04
0.016245  3.6987392038e-03  3.3944748280e-03  3.0426437579e-04
0.017255  3.9058307910e-03  3.6007380191e-03  3.0509277189e-04
0.018264  4.1136355402e-03  3.8077056337e-03  3.0592990648e-04
0.019273  4.3221573449e-03  4.0153814097e-03  3.0677593518e-04
0.020282  4.5314006823e-03  4.2237692917e-03  3.0763139053e-04
0.021291  4.7413691693e-03  4.4328727800e-03  3.0849638933e-04
0.022300  4.9520674115e-03  4.6426954585e-03  3.0937195301e-04
0.023309  5.1634999096e-03  4.8532414581e-03  3.1025845157e-04
0.024318  5.3756697785e-03  5.0645144306e-03  3.1115534787e-04
0.025327  5.5885822173e-03  5.2765179593e-03  3.1206425792e-04
0.026336  5.8022413591e-03  5.4892565051e-03  3.1298485402e-04
0.027345  6.0166510088e-03  5.7027332695e-03  3.1391773931e-04
0.028355  6.2318161027e-03  5.9169528147e-03  3.1486328803e-04
0.029364  6.4477399480e-03  6.1319184437e-03  3.1582150436e-04
0.030373  6.6644276285e-03  6.3476347896e-03  3.1679283887e-04
0.031382  6.8818834387e-03  6.5641052630e-03  3.1777817575e-04
0.032391  7.1001124664e-03  6.7813345714e-03  3.1877789499e-04
0.033400  7.3191177786e-03  6.9993260547e-03  3.1979172394e-04
0.034409  7.5389042019e-03  7.2180844371e-03  3.2081976477e-04
0.035418  7.7594775111e-03  7.4376134344e-03  3.2186407671e-04
0.036427  7.9808403476e-03  7.6579174946e-03  3.2292285296e-04
0.037436  8.2029983248e-03  7.8790006865e-03  3.2399763835e-04
0.038445  8.4259562015e-03  8.1008671845e-03  3.2508901705e-04
0.039455  8.6497173736e-03  8.3235215664e-03  3.2619580717e-04
0.040464  8.8742878585e-03  8.5469676236e-03  3.2732023483e-04
0.041473  9.0996710832e-03  8.7712100260e-03  3.2846105714e-04
0.042482  9.3258723597e-03  8.9962532137e-03  3.2961914594e-04
0.043491  9.5528966982e-03  9.2221012488e-03  3.3079544943e-04
0.044500  9.7807471703e-03  9.4487587172e-03  3.3198845311e-04
0.045509  1.0009430925e-02  9.6762303915e-03  3.3320053307e-04
0.046518  1.0238950339e-02  9.9045201661e-03  3.3443017252e-04
0.047527  1.0469311909e-02  1.0133632957e-02  3.3567895230e-04
0.048536  1.0700519037e-02  1.0363573417e-02  3.3694562002e-04
0.049545  1.0932578245e-02  1.0594345848e-02  3.3823239723e-04
0.050555  1.1165492107e-02  1.0825954864e-02  3.3953724328e-04
0.051564  1.1399267626e-02  1.1058405578e-02  3.4086204763e-04
0.052573  1.1633908391e-02  1.1291702281e-02  3.4220610931e-04
0.053582  1.1869419705e-02  1.1525849680e-02  3.4357002513e-04
0.054591  1.2105806510e-02  1.1760852766e-02  3.4495374324e-04
0.055600  1.2343073440e-02  1.1996716413e-02  3.4635702680e-04
0.056609  1.2581226617e-02  1.2233445174e-02  3.4778144338e-04
0.057618  1.2820268934e-02  1.2471043946e-02  3.4922498809e-04
0.058627  1.3060207418e-02  1.2709517966e-02  3.5068945217e-04
0.059636  1.3301045988e-02  1.2948872076e-02  3.5217391275e-04
0.060645  1.3542789940e-02  1.3189111019e-02  3.5367892099e-04
0.061655  1.3785445115e-02  1.3430239951e-02  3.5520516399e-04
0.062664  1.4029014902e-02  1.3672263986e-02  3.5675091596e-04
0.063673  1.4273506298e-02  1.3915188465e-02  3.5831783376e-04
0.064682  1.4518923593e-02  1.4159018086e-02  3.5990550725e-04
0.065691  1.4765271491e-02  1.4403758124e-02  3.6151336676e-04
0.066700  1.5012556495e-02  1.4649414078e-02  3.6314241667e-04
0.067709  1.5260782658e-02  1.4895991046e-02  3.6479161169e-04
0.068718  1.5509955435e-02  1.5143494285e-02  3.6646115052e-04
0.069727  1.5760081301e-02  1.5391929165e-02  3.6815213580e-04
0.070736  1.6011163866e-02  1.5641300978e-02  3.6986288779e-04
0.071745  1.6263209018e-02  1.5891615282e-02  3.7159373588e-04
0.072755  1.6516223363e-02  1.6142877715e-02  3.7334564735e-04
0.073764  1.6770210604e-02  1.6395093414e-02  3.7511718948e-04
0.074773  1.7025176608e-02  1.6648267967e-02  3.7690864126e-04
0.075782  1.7281127866e-02  1.6902407191e-02  3.7872067508e-04
0.076791  1.7538068699e-02  1.7157516619e-02  3.8055208073e-04
0.077800  1.7796004529e-02  1.7413601958e-02  3.8240257108e-04
0.078809  1.8054942022e-02  1.7670668945e-02  3.8427307704e-04
0.079818  1.8314886291e-02  1.7928723216e-02  3.8616307494e-04
0.080827  1.8575841912e-02  1.8187770574e-02  3.8807133840e-04
0.081836  1.8837815616e-02  1.8447817036e-02  3.8999858020e-04
0.082845  1.9100813513e-02  1.8708868598e-02  3.9194491508e-04
0.083855  1.9364840071e-02  1.8970931072e-02  3.9390899880e-04
0.084864  1.9629901226e-02  1.9234010320e-02  3.9589090622e-04
0.085873  1.9896003677e-02  1.9498112563e-02  3.9789111416e-04
0.086882  2.0163153106e-02  1.9763243825e-02  3.9990928152e-04
0.087891  2.0431353884e-02  2.0029410297e-02  4.0194358697e-04
0.088900  2.0700613193e-02  2.0296618276e-02  4.0399491714e-04
0.089909  2.0970937348e-02  2.0564874061e-02  4.0606328706e-04
0.090918  2.1242331603e-02  2.0834183711e-02  4.0814789212e-04
0.091927  2.1514801301e-02  2.1104553574e-02  4.1024772731e-04
0.092936  2.1788353516e-02  2.1375990143e-02  4.1236337231e-04
0.093945  2.2062994722e-02  2.1648499970e-02  4.1449475232e-04
0.094955  2.2338730199e-02  2.1922089625e-02  4.1664057465e-04
0.095964  2.2615565869e-02  2.2196765668e-02  4.1880020085e-04
0.096973  2.2893508499e-02  2.2472534587e-02  4.2097391274e-04
0.097982  2.3172564921e-02  2.2749403182e-02  4.2316173910e-04
0.098991  2.3452740787e-02  2.3027378092e-02  4.2536269484e-04
0.100000  2.3734042065e-02  2.3306466106e-02  4.2757595861e-04
