# w  |Q1|/w  |Q2|/w  err/w
# parity=ooe l1=3 l2=3 l=3 m1=3 m2=-3 source=bruno lambda1=3.0 lambda2=3.5
0.000100  4.0800962049e-02  7.2927664172e-02  3.2126702123e-02
0.001109  4.0922998740e-02  7.3045882629e-02  3.2122883889e-02
0.002118  4.1045131408e-02  7.3163884772e-02  3.2118753363e-02
0.003127  4.1167357113e-02  7.3281667454e-02  3.2114310341e-02
0.004136  4.1289672576e-02  7.3399227784e-02  3.2109555208e-02
0.005145  4.1412074449e-02  7.3516562521e-02  3.2104488073e-02
0.006155  4.1534559919e-02  7.3633668171e-02  3.2099108251e-02
0.007164  4.1657125666e-02  7.3750541255e-02  3.2093415590e-02
0.008173  4.1779767676e-02  7.3867178416e-02  3.2087410740e-02
0.009182  4.1902482731e-02  7.3983575850e-02  3.2081093119e-02
0.010191  4.2025267144e-02  7.4099729705e-02  3.2074462561e-02
0.011200  4.2148117326e-02  7.4215636051e-02  3.2067518725e-02
0.012209  4.2271029077e-02  7.4331290944e-02  3.2060261867e-02
0.013218  4.2393998693e-02  7.4446690096e-02  3.2052691403e-02
0.014227  4.2517022349e-02  7.4561829243e-02  3.2044806894e-02
0.015236  4.2640095234e-02  7.4676703953e-02  3.2036608719e-02
0.016245  4.2763213971e-02  7.4791309640e-02  3.2028095669e-02
0.017255  4.2886373373e-02  7.4905641609e-02  3.2019268236e-02
0.018264  4.3009569827e-02  7.5019695057e-02  3.2010125230e-02
0.019273  4.3132798448e-02  7.5133465011e-02  3.2000666564e-02
0.020282  4.3256054587e-02  7.5246946424e-02  3.1990891838e-02
0.021291  4.3379333592e-02  7.5360133966e-02  3.1980800374e-02
0.022300  4.3502630753e-02  7.5473022308e-02  3.1970391556e-02
0.023309  4.3625941227e-02  7.5585605946e-02  3.1959664719e-02
0.024318  4.3749260065e-02  7.5697879235e-02  3.1948619170e-02
0.025327  4.3872582223e-02  7.5809836381e-02  3.1937254158e-02
0.026336  4.3995902518e-02  7.5921471431e-02  3.1925568913e-02
0.027345  4.4119215735e-02  7.6032778327e-02  3.1913562592e-02
0.028355  4.4242516550e-02  7.6143750923e-02  3.1901234373e-02
0.029364  4.4365799610e-02  7.6254382848e-02  3.1888583238e-02
0.030373  4.4489059776e-02  7.6364667527e-02  3.1875607751e-02
0.031382  4.4612291284e-02  7.6474598369e-02  3.1862307085e-02
0.032391  4.4735488198e-02  7.6584168623e-02  3.1848680424e-02
0.033400  4.4858645032e-02  7.6693371407e-02  3.1834726375e-02
0.034409  4.4981756452e-02  7.6802199569e-02  3.1820443117e-02
0.035418  4.5104816021e-02  7.6910645937e-02  3.1805829916e-02
0.036427  4.5227817826e-02  7.7018703244e-02  3.1790885418e-02
0.037436  4.5350756500e-02  7.7126363908e-02  3.1775607408e-02
0.038445  4.5473625189e-02  7.7233620430e-02  3.1759995241e-02
0.039455  4.5596418168e-02  7.7340464847e-02  3.1744046680e-02
0.040464  4.5719129399e-02  7.7446889469e-02  3.1727760070e-02
0.041473  4.5841751943e-02  7.7552886188e-02  3.1711134245e-02
0.042482  4.5964280382e-02  7.7658446817e-02  3.1694166435e-02
0.043491  4.6086707300e-02  7.7763563078e-02  3.1676855778e-02
0.044500  4.6209027214e-02  7.7868226504e-02  3.1659199290e-02
0.045509  4.6331232682e-02  7.7972428525e-02  3.1641195843e-02
0.046518  4.6453317961e-02  7.8076160446e-02  3.1622842485e-02
0.047527  4.6575275589e-02  7.8179413394e-02  3.1604137805e-02
0.048536  4.6697099657e-02  7.8282178481e-02  3.1585078824e-02
0.049545  4.6818782575e-02  7.8384446477e-02  3.1565663902e-02
0.050555  4.6940318424e-02  7.8486208365e-02  3.1545889941e-02
0.051564  4.7061699343e-02  7.8587454528e-02  3.1525755185e-02
0.052573  4.7182919494e-02  7.8688175828e-02  3.1505256335e-02
0.053582  4.7303970819e-02  7.8788362321e-02  3.1484391502e-02
0.054591  4.7424847310e-02  7.8888004635e-02  3.1463157325e-02
0.055600  4.7545541127e-02  7.8987092660e-02  3.1441551534e-02
0.056609  4.7666045564e-02  7.9085616618e-02  3.1419571054e-02
0.057618  4.7786353549e-02  7.9183566416e-02  3.1397212866e-02
0.058627  4.7906457347e-02  7.9280931721e-02  3.1374474374e-02
0.059636  4.8026350653e-02  7.9377702595e-02  3.1351351942e-02
0.060645  4.8146025312e-02  7.9473868320e-02  3.1327843008e-02
0.061655  4.8265474506e-02  7.9569418554e-02  3.1303944049e-02
0.062664  4.8384690993e-02  7.9664342699e-02  3.1279651706e-02
0.063673  4.8503666835e-02  7.9758629857e-02  3.1254963022e-02
0.064682  4.8622395435e-02  7.9852269568e-02  3.1229874133e-02
0.065691  4.8740868893e-02  7.9945250660e-02  3.1204381767e-02
0.066700  4.8859079554e-02  8.0037562071e-02  3.1178482518e-02
0.067709  4.8977020682e-02  8.0129193041e-02  3.1152172359e-02
0.068718  4.9094684145e-02  8.0220132083e-02  3.1125447938e-02
0.069727  4.9212062434e-02  8.0310367895e-02  3.1098305460e-02
0.070736  4.9329148604e-02  8.0399889396e-02  3.1070740792e-02
0.071745  4.9445934473e-02  8.0488684863e-02  3.1042750390e-02
0.072755  4.9562412547e-02  8.0576742727e-02  3.1014330180e-02
0.073764  4.9678575731e-02  8.0664051663e-02  3.0985475933e-02
0.074773  4.9794415922e-02  8.0750599668e-02  3.0956183746e-02
0.075782  4.9909925440e-02  8.0836374936e-02  3.0926449497e-02
0.076791  5.0025097153e-02  8.0921365931e-02  3.0896268778e-02
0.077800  5.0139923123e-02  8.1005560369e-02  3.0865637245e-02
0.078809  5.0254395426e-02  8.1088946250e-02  3.0834550825e-02
0.079818  5.0368506826e-02  8.1171511739e-02  3.0803004913e-02
0.080827  5.0482249690e-02  8.1253244480e-02  3.0770994790e-02
0.081836  5.0595615871e-02  8.1334132178e-02  3.0738516307e-02
0.082845  5.0708597939e-02  8.1414162580e-02  3.0705564642e-02
0.083855  5.0821188501e-02  8.1493323482e-02  3.0672134982e-02
0.084864  5.0933379427e-02  8.1571602194e-02  3.0638222767e-02
0.085873  5.1045163064e-02  8.1648986164e-02  3.0603823101e-02
0.086882  5.1156531875e-02  8.1725463064e-02  3.0568931189e-02
0.087891  5.1267478316e-02  8.1801020140e-02  3.0533541824e-02
0.088900  5.1377994281e-02  8.1875644598e-02  3.0497650317e-02
0.089909  5.1488072145e-02  8.1949323587e-02  3.0461251442e-02
0.090918  5.1597704466e-02  8.2022044551e-02  3.0424340085e-02
0.091927  5.1706883424e-02  8.2093794353e-02  3.0386910929e-02
0.092936  5.1815601143e-02  8.2164560015e-02  3.0348958872e-02
0.093945  5.1923849916e-02  8.2234328469e-02  3.0310478553e-02
0.094955  5.2031622331e-02  8.2303086834e-02  3.0271464502e-02
0.095964  5.2138910474e-02  8.2370821679e-02  3.0231911205e-02
0.096973  5.2245706647e-02  8.2437519839e-02  3.0191813192e-02
0.097982  5.2352002796e-02  8.2503167914e-02  3.0151165118e-02
0.098991  5.2457791740e-02  8.2567752746e-02  3.0109961006e-02
0.100000  5.2563065815e-02  8.2631260640e-02  3.0068194825e-02
