# w  |Q1|/w  |Q2|/w  err/w
# parity=ooe l1=3 l2=3 l=6 m1=3 m2=-3 source=bruno lambda1=3.0 lambda2=3.5
0.000100  2.8806199308e-05  8.9231015925e-06  1.9883097716e-05
0.001109  2.5045540345e-05  5.1517154428e-06  1.9893824902e-05
0.002118  2.1273510786e-05  1.3689259168e-06  1.9904584870e-05
0.003127  1.7490061971e-05  2.4253171409e-06  1.5064744830e-05
0.004136  1.3695142917e-05  6.2310640656e-06  7.4640788515e-06
0.005145  9.8886988734e-06  1.0048365377e-05  1.5966650354e-07
0.006155  6.0706884896e-06  1.3877271927e-05  7.8065834370e-06
0.007164  2.2410532332e-06  1.7717835048e-05  1.5476781815e-05
0.008173  1.6002568742e-06  2.1570105791e-05  1.9969848916e-05
0.009182  5.4532923611e-06  2.5434136243e-05  1.9980843882e-05
0.010191  9.3181050760e-06  2.9309978258e-05  1.9991873182e-05
0.011200  1.3194746593e-05  3.3197683080e-05  2.0002936488e-05
0.012209  1.7083269579e-05  3.7097304688e-05  2.0014035109e-05
0.013218  2.0983726082e-05  4.1008894677e-05  2.0025168595e-05
0.014227  2.4896166943e-05  4.4932505802e-05  2.0036338858e-05
0.015236  2.8820653608e-05  4.8868191997e-05  2.0047538389e-05
0.016245  3.2757226555e-05  5.2816006517e-05  2.0058779962e-05
0.017255  3.6705944844e-05  5.6776003255e-05  2.0070058412e-05
0.018264  4.0666871124e-05  6.0748235474e-05  2.0081364350e-05
0.019273  4.4640046570e-05  6.4732759012e-05  2.0092712442e-05
0.020282  4.8625531324e-05  6.8729627212e-05  2.0104095888e-05
0.021291  5.2623379853e-05  7.2738894892e-05  2.0115515039e-05
0.022300  5.6633647530e-05  7.6760618236e-05  2.0126970705e-05
0.023309  6.0656389841e-05  8.0794852039e-05  2.0138462198e-05
0.024318  6.4691662718e-05  8.4841652006e-05  2.0149989288e-05
0.025327  6.8739522381e-05  8.8901074304e-05  2.0161551923e-05
0.026336  7.2800025918e-05  9.2973175711e-05  2.0173149793e-05
0.027345  7.6873229189e-05  9.7058012808e-05  2.0184783619e-05
0.028355  8.0959190292e-05  1.0115564199e-04  2.0196451697e-05
0.029364  8.5057963549e-05  1.0526612100e-04  2.0208157454e-05
0.030373  8.9169608120e-05  1.0938950759e-04  2.0219899470e-05
0.031382  9.3294190382e-05  1.1352585851e-04  2.0231668124e-05
0.032391  9.7431763077e-05  1.1767523474e-04  2.0243471661e-05
0.033400  1.0158237989e-04  1.2183769203e-04  2.0255312140e-05
0.034409  1.0574610750e-04  1.2601329000e-04  2.0267182494e-05
0.035418  1.0992301082e-04  1.3020209029e-04  2.0279079471e-05
0.036427  1.1411313744e-04  1.3440414867e-04  2.0291011236e-05
0.037436  1.1831655747e-04  1.3861952669e-04  2.0302969219e-05
0.038445  1.2253333642e-04  1.4284828733e-04  2.0314950917e-05
0.039455  1.2676351835e-04  1.4709048742e-04  2.0326969073e-05
0.040464  1.3100718961e-04  1.5134619031e-04  2.0339000700e-05
0.041473  1.3526439365e-04  1.5561545527e-04  2.0351061617e-05
0.042482  1.3953520560e-04  1.5989834600e-04  2.0363140391e-05
0.043491  1.4381968625e-04  1.6419492489e-04  2.0375238641e-05
0.044500  1.4811789379e-04  1.6850525268e-04  2.0387358897e-05
0.045509  1.5242990754e-04  1.7282939481e-04  2.0399487274e-05
0.046518  1.5675577358e-04  1.7716741299e-04  2.0411639406e-05
0.047527  1.6109558037e-04  1.8151936730e-04  2.0423786932e-05
0.048536  1.6544937107e-04  1.8588533271e-04  2.0435961639e-05
0.049545  1.6981723593e-04  1.9026536009e-04  2.0448124162e-05
0.050555  1.7419922212e-04  1.9465952808e-04  2.0460305964e-05
0.051564  1.7859541342e-04  1.9906788881e-04  2.0472475390e-05
0.052573  1.8300587155e-04  2.0349052146e-04  2.0484649911e-05
0.053582  1.8743066271e-04  2.0792748064e-04  2.0496817930e-05
0.054591  1.9186987138e-04  2.1237884061e-04  2.0508969236e-05
0.055600  1.9632354644e-04  2.1684466479e-04  2.0521118348e-05
0.056609  2.0079178798e-04  2.2132502172e-04  2.0533233741e-05
0.057618  2.0527463516e-04  2.2581998083e-04  2.0545345670e-05
0.058627  2.0977218687e-04  2.3032960625e-04  2.0557419382e-05
0.059636  2.1428450497e-04  2.3485397776e-04  2.0569472792e-05
0.060645  2.1881165666e-04  2.3939315367e-04  2.0581497015e-05
0.061655  2.2335374325e-04  2.4394720595e-04  2.0593462696e-05
0.062664  2.2791080511e-04  2.4851621414e-04  2.0605409031e-05
0.063673  2.3248294027e-04  2.5310023674e-04  2.0617296472e-05
0.064682  2.3707022741e-04  2.5769935641e-04  2.0629128997e-05
0.065691  2.4167272209e-04  2.6231363846e-04  2.0640916368e-05
0.066700  2.4629053304e-04  2.6694315388e-04  2.0652620844e-05
0.067709  2.5092371709e-04  2.7158798719e-04  2.0664270105e-05
0.068718  2.5557234978e-04  2.7624820005e-04  2.0675850272e-05
0.069727  2.6023654143e-04  2.8092386842e-04  2.0687326990e-05
0.070736  2.6491634241e-04  2.8561507824e-04  2.0698735838e-05
0.071745  2.6961183636e-04  2.9032189161e-04  2.0710055243e-05
0.072755  2.7432313548e-04  2.9504438727e-04  2.0721251794e-05
0.073764  2.7905029276e-04  2.9978265254e-04  2.0732359782e-05
0.074773  2.8379339102e-04  3.0453675114e-04  2.0743360123e-05
0.075782  2.8855254516e-04  3.0930676465e-04  2.0754219483e-05
0.076791  2.9332781898e-04  3.1409277890e-04  2.0764959919e-05
0.077800  2.9811928637e-04  3.1889486633e-04  2.0775579963e-05
0.078809  3.0292706266e-04  3.2371310373e-04  2.0786041070e-05
0.079818  3.0775123347e-04  3.2854757877e-04  2.0796345305e-05
0.080827  3.1259185750e-04  3.3339837212e-04  2.0806514616e-05
0.081836  3.1744905415e-04  3.3826555559e-04  2.0816501439e-05
0.082845  3.2232290877e-04  3.4314922017e-04  2.0826311399e-05
0.083855  3.2721349930e-04  3.4804945194e-04  2.0835952641e-05
0.084864  3.3212093141e-04  3.5296632565e-04  2.0845394243e-05
0.085873  3.3704529735e-04  3.5789992676e-04  2.0854629414e-05
0.086882  3.4198668700e-04  3.6285034636e-04  2.0863659368e-05
0.087891  3.4694519247e-04  3.6781766938e-04  2.0872476906e-05
0.088900  3.5192090497e-04  3.7280197445e-04  2.0881069485e-05
0.089909  3.5691394529e-04  3.7780335192e-04  2.0889406628e-05
0.090918  3.6192439491e-04  3.8282189693e-04  2.0897502019e-05
0.091927  3.6695233480e-04  3.8785769216e-04  2.0905357359e-05
0.092936  3.7199788035e-04  3.9291082250e-04  2.0912942154e-05
0.093945  3.7706115023e-04  3.9798138132e-04  2.0920231088e-05
0.094955  3.8214222204e-04  4.0306946653e-04  2.0927244487e-05
0.095964  3.8724118904e-04  4.0817516222e-04  2.0933973182e-05
0.096973  3.9235816556e-04  4.1329855787e-04  2.0940392305e-05
0.097982  3.9749327526e-04  4.1843974822e-04  2.0946472964e-05
0.098991  4.0264660067e-04  4.2359883555e-04  2.0952234882e-05
0.100000  4.0781823550e-04  4.2877590929e-04  2.0957673794e-05
