# w  |Q1|/w  |Q2|/w  err/w
# parity=ooe l1=2 l2=3 l=5 m1=2 m2=-3 source=bruno lambda1=3.0 lambda2=3.5
0.000100  3.9386961050e-05  1.1894355641e-05  2.7492605409e-05
0.001109  2.9812315750e-05  2.3114706598e-06  2.7500845091e-05
0.002118  2.0200221324e-05  7.3090421063e-06  1.2891179218e-05
0.003127  1.0550434826e-05  1.6967397608e-05  6.4169627822e-06
0.004136  8.6274990382e-07  2.6663812521e-05  2.5801062617e-05
0.005145  8.8630663049e-06  3.6398504874e-05  2.7535438569e-05
0.006155  1.8627256364e-05  4.6171694402e-05  2.7544438038e-05
0.007164  2.8430043979e-05  5.5983604434e-05  2.7553560455e-05
0.008173  3.8271656287e-05  6.5834457545e-05  2.7562801258e-05
0.009182  4.8152323992e-05  7.5724479382e-05  2.7572155389e-05
0.010191  5.8072313837e-05  8.5653897887e-05  2.7581584050e-05
0.011200  6.8031842188e-05  9.5622942577e-05  2.7591100390e-05
0.012209  7.8031155472e-05  1.0563184605e-04  2.7600690578e-05
0.013218  8.8070499170e-05  1.1568083916e-04  2.7610339993e-05
0.014227  9.8150134626e-05  1.2577015906e-04  2.7620024433e-05
0.015236  1.0827028823e-04  1.3590004452e-04  2.7629756295e-05
0.016245  1.1843122386e-04  1.4607073111e-04  2.7639507259e-05
0.017255  1.2863318258e-04  1.5628246455e-04  2.7649281971e-05
0.018264  1.3887644939e-04  1.6653548536e-04  2.7659035973e-05
0.019273  1.4916125424e-04  1.7683004015e-04  2.7668785906e-05
0.020282  1.5948786156e-04  1.8716638228e-04  2.7678520719e-05
0.021291  1.6985653208e-04  1.9754474704e-04  2.7688214961e-05
0.022300  1.8026754275e-04  2.0796540103e-04  2.7697858281e-05
0.023309  1.9072115329e-04  2.1842859561e-04  2.7707442324e-05
0.024318  2.0121763100e-04  2.2893457929e-04  2.7716948290e-05
0.025327  2.1175725507e-04  2.3948362041e-04  2.7726365342e-05
0.026336  2.2234028811e-04  2.5007597598e-04  2.7735687872e-05
0.027345  2.3296701453e-04  2.6071190988e-04  2.7744895343e-05
0.028355  2.4363770282e-04  2.7139168593e-04  2.7753983105e-05
0.029364  2.5435263588e-04  2.8211557279e-04  2.7762936913e-05
0.030373  2.6511210245e-04  2.9288384211e-04  2.7771739660e-05
0.031382  2.7591640243e-04  3.0369676667e-04  2.7780364243e-05
0.032391  2.8676579307e-04  3.1455462006e-04  2.7788826981e-05
0.033400  2.9766057164e-04  3.2545767401e-04  2.7797102361e-05
0.034409  3.0860104460e-04  3.3640622389e-04  2.7805179291e-05
0.035418  3.1958750953e-04  3.4740054200e-04  2.7813032475e-05
0.036427  3.3062023115e-04  3.5844090826e-04  2.7820677104e-05
0.037436  3.4169954686e-04  3.6952762279e-04  2.7828075931e-05
0.038445  3.5282574496e-04  3.8066095640e-04  2.7835211441e-05
0.039455  3.6399910489e-04  3.9184122171e-04  2.7842116821e-05
0.040464  3.7521998779e-04  4.0306870964e-04  2.7848721856e-05
0.041473  3.8648864622e-04  4.1434370225e-04  2.7855056035e-05
0.042482  3.9780543330e-04  4.2566651790e-04  2.7861084599e-05
0.043491  4.0917063870e-04  4.3703744904e-04  2.7866810342e-05
0.044500  4.2058459434e-04  4.4845681014e-04  2.7872215801e-05
0.045509  4.3204760661e-04  4.5992489764e-04  2.7877291033e-05
0.046518  4.4356000765e-04  4.7144204169e-04  2.7882034045e-05
0.047527  4.5512212294e-04  4.8300852879e-04  2.7886405848e-05
0.048536  4.6673426416e-04  4.9462470116e-04  2.7890437004e-05
0.049545  4.7839677844e-04  5.0629086244e-04  2.7894084002e-05
0.050555  4.9010999545e-04  5.1800734802e-04  2.7897352576e-05
0.051564  5.0187423390e-04  5.2977446594e-04  2.7900232040e-05
0.052573  5.1368985574e-04  5.4159256373e-04  2.7902707994e-05
0.053582  5.2555717223e-04  5.5346195501e-04  2.7904782775e-05
0.054591  5.3747656947e-04  5.6538298997e-04  2.7906420500e-05
0.055600  5.4944833251e-04  5.7735599327e-04  2.7907660769e-05
0.056609  5.6147287233e-04  5.8938130925e-04  2.7908436917e-05
0.057618  5.7355049682e-04  6.0145928871e-04  2.7908791892e-05
0.058627  5.8568157265e-04  6.1359025869e-04  2.7908686046e-05
0.059636  5.9786646368e-04  6.2577459041e-04  2.7908126737e-05
0.060645  6.1010550474e-04  6.3801262277e-04  2.7907118027e-05
0.061655  6.2239910606e-04  6.5030471576e-04  2.7905609704e-05
0.062664  6.3474758659e-04  6.6265123610e-04  2.7903649508e-05
0.063673  6.4715131505e-04  6.7505252728e-04  2.7901212237e-05
0.064682  6.5961070361e-04  6.8750897590e-04  2.7898272292e-05
0.065691  6.7212608098e-04  7.0002094200e-04  2.7894861020e-05
0.066700  6.8469785474e-04  7.1258878881e-04  2.7890934075e-05
0.067709  6.9732639375e-04  7.2521290968e-04  2.7886515931e-05
0.068718  7.1001205545e-04  7.3789367258e-04  2.7881617129e-05
0.069727  7.2275527237e-04  7.5063145937e-04  2.7876186995e-05
0.070736  7.3555641348e-04  7.6342667131e-04  2.7870257831e-05
0.071745  7.4841584950e-04  7.7627967960e-04  2.7863830103e-05
0.072755  7.6133400787e-04  7.8919088068e-04  2.7856872811e-05
0.073764  7.7431126906e-04  8.0216068802e-04  2.7849418955e-05
0.074773  7.8734802407e-04  8.1518948801e-04  2.7841463940e-05
0.075782  8.0044471179e-04  8.2827768063e-04  2.7832968842e-05
0.076791  8.1360172663e-04  8.4142570001e-04  2.7823973379e-05
0.077800  8.2681945169e-04  8.5463392990e-04  2.7814478210e-05
0.078809  8.4009832453e-04  8.6790279407e-04  2.7804469540e-05
0.079818  8.5343878285e-04  8.8123272582e-04  2.7793942971e-05
0.080827  8.6684121662e-04  8.9462414273e-04  2.7782926109e-05
0.081836  8.8030605795e-04  9.0807746313e-04  2.7771405184e-05
0.082845  8.9383376141e-04  9.2159313021e-04  2.7759368798e-05
0.083855  9.0742472888e-04  9.3517158528e-04  2.7746856402e-05
0.084864  9.2107938983e-04  9.4881325277e-04  2.7733862939e-05
0.085873  9.3479821506e-04  9.6251858247e-04  2.7720367411e-05
0.086882  9.4858165277e-04  9.7628803749e-04  2.7706384717e-05
0.087891  9.6243011848e-04  9.9012207108e-04  2.7691952599e-05
0.088900  9.7634407254e-04  1.0040211248e-03  2.7677052288e-05
0.089909  9.9032398458e-04  1.0179856634e-03  2.7661678851e-05
0.090918  1.0043703103e-03  1.0320161704e-03  2.7645860038e-05
0.091927  1.0184834969e-03  1.0461131087e-03  2.7629611825e-05
0.092936  1.0326640251e-03  1.0602769472e-03  2.7612922119e-05
0.093945  1.0469123864e-03  1.0745081767e-03  2.7595790328e-05
0.094955  1.0612290400e-03  1.0888072996e-03  2.7578259606e-05
0.095964  1.0756144475e-03  1.1031747865e-03  2.7560339024e-05
0.096973  1.0900691068e-03  1.1176111244e-03  2.7542017600e-05
0.097982  1.1045935295e-03  1.1321168272e-03  2.7523297699e-05
0.098991  1.1191881963e-03  1.1466924160e-03  2.7504219698e-05
0.100000  1.1338535944e-03  1.1613383890e-03  2.7484794620e-05
