# w  |Q1|/w  |Q2|/w  err/w
# parity=ooe l1=2 l2=2 l=4 m1=2 m2=2 source=bruno lambda1=3.0 lambda2=3.5
0.000100  3.3146760658e-04  9.4183475753e-05  2.3728413082e-04
0.001109  1.4981951075e-04  8.7244434298e-05  6.2575076455e-05
0.002118  3.2766058854e-05  2.6960321605e-04  2.3683715720e-04
0.003127  2.1629580532e-04  4.5289968736e-04  2.3660388205e-04
0.004136  4.0077629110e-04  6.3714076182e-04  2.3636447072e-04
0.005145  5.8621434578e-04  8.2233339741e-04  2.3611905163e-04
0.006155  7.7261671383e-04  1.0084846243e-03  2.3586791044e-04
0.007164  9.5999029846e-04  1.1956015611e-03  2.3561126266e-04
0.008173  1.1483419461e-03  1.3836913391e-03  2.3534939305e-04
0.009182  1.3376787098e-03  1.5727612637e-03  2.3508255384e-04
0.010191  1.5280076307e-03  1.7628185400e-03  2.3481090923e-04
0.011200  1.7193358451e-03  1.9538706248e-03  2.3453477967e-04
0.012209  1.9116703515e-03  2.1459250963e-03  2.3425474479e-04
0.013218  2.1050186192e-03  2.3389892296e-03  2.3397061046e-04
0.014227  2.2993878926e-03  2.5330707662e-03  2.3368287354e-04
0.015236  2.4947855496e-03  2.7281774543e-03  2.3339190466e-04
0.016245  2.6912190551e-03  2.9243171242e-03  2.3309806908e-04
0.017255  2.8886959837e-03  3.1214973469e-03  2.3280136319e-04
0.018264  3.0872239475e-03  3.3197261989e-03  2.3250225137e-04
0.019273  3.2868104741e-03  3.5190117043e-03  2.3220123016e-04
0.020282  3.4874633782e-03  3.7193620002e-03  2.3189862200e-04
0.021291  3.6891906577e-03  3.9207851690e-03  2.3159451126e-04
0.022300  3.8920001863e-03  4.1232893931e-03  2.3128920676e-04
0.023309  4.0958996787e-03  4.3268831484e-03  2.3098346978e-04
0.024318  4.3008976332e-03  4.5315748348e-03  2.3067720165e-04
0.025327  4.5070019173e-03  4.7373727738e-03  2.3037085646e-04
0.026336  4.7142207500e-03  4.9442858250e-03  2.3006507506e-04
0.027345  4.9225628522e-03  5.1523226074e-03  2.2975975516e-04
0.028355  5.1320360420e-03  5.3614918305e-03  2.2945578849e-04
0.029364  5.3426495211e-03  5.5718023995e-03  2.2915287839e-04
0.030373  5.5544111473e-03  5.7832632841e-03  2.2885213682e-04
0.031382  5.7673303656e-03  5.9958835281e-03  2.2855316255e-04
0.032391  5.9814152074e-03  6.2096723039e-03  2.2825709651e-04
0.033400  6.1966752954e-03  6.4246388595e-03  2.2796356406e-04
0.034409  6.4131189863e-03  6.6407925991e-03  2.2767361277e-04
0.035418  6.6307557577e-03  6.8581429023e-03  2.2738714451e-04
0.036427  6.8495947781e-03  7.0766994386e-03  2.2710466046e-04
0.037436  7.0696448238e-03  7.2964717066e-03  2.2682688275e-04
0.038445  7.2909160960e-03  7.5174695302e-03  2.2655343416e-04
0.039455  7.5134173108e-03  7.7397028703e-03  2.2628555947e-04
0.040464  7.7371585580e-03  7.9631816526e-03  2.2602309462e-04
0.041473  7.9621496575e-03  8.1879159768e-03  2.2576631933e-04
0.042482  8.1883996680e-03  8.4139159566e-03  2.2551628856e-04
0.043491  8.4159193897e-03  8.6411921044e-03  2.2527271470e-04
0.044500  8.6447186762e-03  8.8697546627e-03  2.2503598657e-04
0.045509  8.8748070630e-03  9.0996141743e-03  2.2480711124e-04
0.046518  9.1061956645e-03  9.3307814637e-03  2.2458579925e-04
0.047527  9.3388947477e-03  9.5632673011e-03  2.2437255336e-04
0.048536  9.5729141982e-03  9.7970823951e-03  2.2416819691e-04
0.049545  9.8082653212e-03  1.0032237993e-02  2.2397267156e-04
0.050555  1.0044959068e-02  1.0268745182e-02  2.2378611453e-04
0.051564  1.0283005721e-02  1.0506615267e-02  2.2360954626e-04
0.052573  1.0522416460e-02  1.0745859585e-02  2.2344312521e-04
0.053582  1.0763203104e-02  1.0986489799e-02  2.2328669462e-04
0.054591  1.1005376555e-02  1.1228517515e-02  2.2314096059e-04
0.055600  1.1248947878e-02  1.1471954525e-02  2.2300664614e-04
0.056609  1.1493929236e-02  1.1716812849e-02  2.2288361334e-04
0.057618  1.1740332572e-02  1.1963104699e-02  2.2277212729e-04
0.058627  1.1988169412e-02  1.2210842123e-02  2.2267271054e-04
0.059636  1.2237451447e-02  1.2460037510e-02  2.2258606322e-04
0.060645  1.2488191582e-02  1.2710703503e-02  2.2251192193e-04
0.061655  1.2740402167e-02  1.2962852742e-02  2.2245057551e-04
0.062664  1.2994095498e-02  1.3216498218e-02  2.2240271955e-04
0.063673  1.3249283824e-02  1.3471652664e-02  2.2236884026e-04
0.064682  1.3505980589e-02  1.3728329313e-02  2.2234872355e-04
0.065691  1.3764198904e-02  1.3986541487e-02  2.2234258258e-04
0.066700  1.4023951853e-02  1.4246302736e-02  2.2235088256e-04
0.067709  1.4285252337e-02  1.4507626789e-02  2.2237445181e-04
0.068718  1.4548114076e-02  1.4770527057e-02  2.2241298179e-04
0.069727  1.4812551163e-02  1.5035017821e-02  2.2246665871e-04
0.070736  1.5078577507e-02  1.5301113119e-02  2.2253561202e-04
0.071745  1.5346206944e-02  1.5568827493e-02  2.2262054880e-04
0.072755  1.5615453433e-02  1.5838175209e-02  2.2272177625e-04
0.073764  1.5886331704e-02  1.6109170908e-02  2.2283920409e-04
0.074773  1.6158856688e-02  1.6381829593e-02  2.2297290597e-04
0.075782  1.6433043282e-02  1.6656166403e-02  2.2312312005e-04
0.076791  1.6708906235e-02  1.6932196381e-02  2.2329014561e-04
0.077800  1.6986460655e-02  1.7209935162e-02  2.2347450722e-04
0.078809  1.7265722065e-02  1.7489398192e-02  2.2367612607e-04
0.079818  1.7546706483e-02  1.7770601418e-02  2.2389493561e-04
0.080827  1.7829429875e-02  1.8053560959e-02  2.2413108373e-04
0.081836  1.8113908166e-02  1.8338292801e-02  2.2438463545e-04
0.082845  1.8400157556e-02  1.8624813970e-02  2.2465641395e-04
0.083855  1.8688194453e-02  1.8913140645e-02  2.2494619216e-04
0.084864  1.8978035897e-02  1.9203289749e-02  2.2525385177e-04
0.085873  1.9269699149e-02  1.9495278526e-02  2.2557937676e-04
0.086882  1.9563201410e-02  1.9789124294e-02  2.2592288397e-04
0.087891  1.9858560089e-02  2.0084844772e-02  2.2628468393e-04
0.088900  2.0155792811e-02  2.0382457793e-02  2.2666498162e-04
0.089909  2.0454917408e-02  2.0681981198e-02  2.2706379009e-04
0.090918  2.0755952443e-02  2.0983433199e-02  2.2748075607e-04
0.091927  2.1058916576e-02  2.1286832533e-02  2.2791595735e-04
0.092936  2.1363828537e-02  2.1592197918e-02  2.2836938102e-04
0.093945  2.1670707378e-02  2.1899548451e-02  2.2884107325e-04
0.094955  2.1979572275e-02  2.2208903583e-02  2.2933130805e-04
0.095964  2.2290442683e-02  2.2520282765e-02  2.2984008248e-04
0.096973  2.2603338579e-02  2.2833705616e-02  2.3036703704e-04
0.097982  2.2918280329e-02  2.3149192369e-02  2.3091204036e-04
0.098991  2.3235288438e-02  2.3466763486e-02  2.3147504823e-04
0.100000  2.3554383664e-02  2.3786439571e-02  2.3205590678e-04
