lambda w1 w2 w3 w4 w5 w6 w7 w8 
3.0 0.0012256410157787728 0.0067480264266866 0.030240939540171305 0.2037603770313326 0.22571426719280008 0.22337634667818743 0.21992390726624614 0.7686988168195109
3.1 0.0011948972597205904 0.006690980032515186 0.030164804089778924 0.2036681984135092 0.22668515275787193 0.21944634859741627 0.2122386412640753 0.6705985450260535
3.2 0.0011715993859545085 0.006645708073709298 0.030086020005300942 0.20372757244382234 0.22634152068754843 0.21930092325191844 0.22079085239057988 0.384705724793808
3.3 0.0011528379602169616 0.006607692744387827 0.030033617191180903 0.20367767365821968 0.2265077733583553 0.22027987704829824 0.21552538176390737 0.47020110467060183
3.4 0.0011379145685464105 0.006577878069909148 0.029993224015869718 0.20361542060854138 0.22679320933080674 0.21938197804528958 0.22984072845368206 0.24574335771837053
3.5 0.001126181778343729 0.006554257700280115 0.029957011461842584 0.20359681661410622 0.22679563778333528 0.21982971841569465 0.23083659721116395 0.2801842181272743
3.6 0.0011167589806697893 0.006535748469580469 0.029930183370862205 0.2035835678483437 0.22686067018855616 0.2202681018775087 0.22646329102422852 0.1937571725654015
3.7 0.0011092385266279429 0.006520936919561981 0.029907908464087415 0.20357331051298855 0.22689117762156016 0.22034688783198098 0.22352417077754883 0.29816130987992295
3.8 0.0011032958749286601 0.006509234198749852 0.029890922413964745 0.20356567896179456 0.22692510790598436 0.22020742191521192 0.22759762021665433 0.2967998340402948
3.9 0.0010985747334945036 0.00649988322758837 0.02987706489146193 0.2035579601124224 0.22695808856207086 0.22019465565589763 0.22975386888136806 0.2243887888884849
4.0 0.001094827165869588 0.006492469466186733 0.0298660853421377 0.2035507030458646 0.22699972842827387 0.22026386642810408 0.22998391213917618 0.20949008537118238
4.1 0.0010918524352779965 0.006486555021271252 0.029857502586962688 0.20354623069677547 0.22699909228368892 0.220405951561312 0.22846844705695238 0.2416828898212579
4.2 0.001089482847438661 0.006481860074542778 0.02985062932863741 0.20354193808514542 0.22701370987581945 0.22046641837984557 0.22778628166053266 0.2568981392692752
4.3 0.0010876052395014481 0.0064781509804292745 0.029845121388710257 0.2035390500389505 0.22702795917016608 0.22032580704989585 0.22667298147887532 0.27810496981794164
4.4 0.00108611338880028 0.006475184347983833 0.029840812909701035 0.20353659520665668 0.22703504511637743 0.22045290408335264 0.22955937318305486 0.2321800318868616
4.5 0.0010849275851440218 0.006472835730726124 0.0298373618282166 0.20353466523531258 0.22704494567456657 0.220442062340403 0.2293960959917594 0.2411497563616028
4.6 0.0010839853327867157 0.006470970315822971 0.02983463398845848 0.20353297040867832 0.22705344967279995 0.22045110416284094 0.22898117013879993 0.25247882263405697
4.7 0.0010832375694504156 0.006469489550321028 0.029832476678281077 0.2035318444259513 0.22705497873634697 0.2205154708177657 0.22869127630796704 0.2434304684893083
4.8 0.0010826439975608634 0.0064683164930032025 0.029830707845305574 0.20353099585050508 0.22706071160593744 0.22049905003015582 0.22900340673862335 0.23750768359180116
4.9 0.0010821726438081688 0.006467378554352882 0.029829425797895975 0.20353069753445627 0.22705334455056408 0.22038006926810721 0.2317793524697163 0.24246407816824983
5.0 0.0010817985787671279 0.006466647361606911 0.0298283577026944 0.20353018677827187 0.22706691180828067 0.2204877081761539 0.22931759006686725 0.2439195529393209
5.1 0.0010815019994914734 0.0064660641388236025 0.029827532675398543 0.2035301173917809 0.22706899911141895 0.22050193232587076 0.22896977850927527 0.24293673466362534
5.2 0.0010812670118697447 0.00646560459454796 0.02982689362178647 0.203530252776145 0.22707146371577774 0.22051006327915765 0.22889972343660447 0.2412641675946273
5.3 0.0010810809670604214 0.006465244470431091 0.029826416126119252 0.20353064008600188 0.22707353233062672 0.22053678468297552 0.2288240646134902 0.24221262992224732
5.4 0.0010809342622247777 0.006464963824681621 0.029826062218808923 0.2035312325825071 0.22707585361372712 0.2205230093120883 0.2291188724366119 0.24217461148029182
5.5 0.0010808190170063037 0.006464748454276001 0.029825820668875302 0.20353210159324475 0.22707722906049388 0.2205204099915967 0.22910042418701057 0.2426824973514554
5.6 0.0010807286978588462 0.006464582498814125 0.029825634485966993 0.20353475632990733 0.2270851722403271 0.21903677272208277 0.25940025734801564 0.5386627681073014
5.7 0.001080658864578836 0.006464468722180559 0.029825623912902787 0.2035349462310811 0.22708269768617495 0.22052522537898828 0.2290264543248236 0.24107690804527315
5.8 0.0010806057741491642 0.0064643896911032814 0.029825656900502633 0.20353704088482905 0.22708589992516026 0.22053098986763714 0.2290550547304652 0.24197923368168917
5.9 0.001080566573275219 0.006464344947558203 0.02982577978255398 0.20353979986754703 0.22709105096566895 0.2205060121458122 0.22930147579117285 0.23956633397630497
6.0 0.001080539057038479 0.006464332851978632 0.029825999417507007 0.2035431479540232 0.22709437222763706 0.22053917862116645 0.22908547737699048 0.24158961028549847
