w q
0.05 0.0003200147396641453
0.06 0.00046164965414103025
0.07 0.0006321578271850335
0.08 0.0008329924284302773
0.09 0.0010657052372433815
0.1 0.0013319558843455854
0.11 0.0016335218849799459
0.12 0.0019723094506910654
0.13 0.0023503651890785407
0.14 0.0027698889311121907
0.15 0.0032332480842625776
0.16 0.003742994016322512
0.17 0.004301881003837419
0.18 0.004912888291197899
0.19 0.005579245670112621
0.2 0.006304462936010164
0.21 0.007092363480772507
0.22 0.007947122376957928
0.23 0.008873309460095558
0.24 0.009875938367372215
0.25 0.010960522957013894
0.26 0.012133143234582687
0.27 0.013400523560448855
0.28 0.014770126524995686
0.29 0.016250266503702204
0.3 0.017713322342936915
0.31 0.019439073743750302
0.32 0.021306986396535773
0.33 0.023330493325087024
0.34 0.025524926621648774
0.35 0.027907916645247017
0.36 0.030499835649929658
0.37 0.03332441295511987
0.38 0.03640923967829258
0.39 0.03978811444261532
0.4 0.0434995454677468
0.41 0.04759123201402386
0.42 0.052120782841141244
0.43 0.05715896744767773
0.44 0.06279350100751248
0.45 0.0691342404078821
0.46 0.07632005484954313
0.47 0.084528075723214
0.48 0.09398616805831195
0.49 0.10498946340946716
0.5 0.11792206679212693
0.51 0.13328457283406223
0.52 0.15172660339704502
0.53 0.1740793477112917
0.54 0.201372154244143
0.55 0.23479208141092836
0.56 0.27549296587272715
0.57 0.32407663182688473
0.58 0.3795232617371813
0.59 0.43765802071809834
0.6 0.49043123877303496
0.61 0.5284266626952822
0.62 0.5464878254269453
0.63 0.5466820553197111
0.64 0.5353820413204042
0.65 0.5188108803877862
0.66 0.501066466818416
0.67 0.48426082948787147
0.68 0.46925245286788997
0.69 0.45624764142922286
0.7 0.4451568377705699
0.71 0.4357792078163383
0.72 0.4278885495706668
0.73 0.42127170457548097
0.74 0.41573999758543345
0.75 0.4111293538516841
0.76 0.40730821218036495
0.77 0.40415753787091785
0.78 0.4015894221377837
0.79 0.39952233938004816
0.8 0.3978894979102156
