w q
0.05 0.00036457208273892863
0.06 0.0005172261125447458
0.07 0.0006985994624155612
0.08 0.0009096931390278103
0.09 0.0011515559262179381
0.1 0.0014252881529841612
0.11 0.0017320454891872421
0.12 0.002073042548880943
0.13 0.0024495562259032365
0.14 0.0028629287769636556
0.15 0.003314570891474751
0.16 0.003805965083356218
0.17 0.004338669816748679
0.18 0.0049143247386298225
0.19 0.005534657256120233
0.2 0.006201490486078083
0.21 0.006916752344251792
0.22 0.0076824854260396
0.23 0.008500857124575632
0.24 0.00937416963540566
0.25 0.010304869599416152
0.26 0.01129555750359068
0.27 0.012348997379624395
0.28 0.01346812755346974
0.29 0.014656073498620822
0.3 0.015627070861987086
0.31 0.016953182257148917
0.32 0.018358797772077533
0.33 0.019847986669538516
0.34 0.021425133729256203
0.35 0.023094947532712247
0.36 0.024862495747692424
0.37 0.026733244170135156
0.38 0.028713097698175656
0.39 0.030808448745322212
0.4 0.033026226194429346
0.41 0.035373982429515415
0.42 0.037859914568616815
0.43 0.04049299619927241
0.44 0.043283045642896666
0.45 0.04624084654187024
0.46 0.04937827337228985
0.47 0.05270844685840411
0.48 0.05624591685006196
0.49 0.060006865022782546
0.5 0.06400938655534918
0.51 0.06827377578698819
0.52 0.07282292511093061
0.53 0.07768273592067615
0.54 0.08288279902625416
0.55 0.08845691936772429
0.56 0.0944442182906293
0.57 0.10089006546207273
0.58 0.10784755300368887
0.59 0.11537930605393516
0.6 0.12350700347889888
0.61 0.1324248550285517
0.62 0.14218874157382783
0.63 0.1529305182717587
0.64 0.16481286667243408
0.65 0.17803791389654683
0.66 0.19285947407088713
0.67 0.2095988322212155
0.68 0.22866569139538587
0.69 0.250585665333192
0.7 0.2760352134596443
0.71 0.30588387262719235
0.72 0.3412392854997224
0.73 0.3834803950668343
0.74 0.43423847807296534
0.75 0.4952325431732667
0.76 0.5677616231350734
0.77 0.6515375171888023
0.78 0.742611542808861
0.79 0.831125233939457
0.8 0.9019091102853962
0.81 0.9413073978990613
0.82 0.9461723204271683
0.83 0.9247863086328686
0.84 0.8894175871072678
0.85 0.8497951625095194
0.86 0.8114818533554439
0.87 0.776914430544661
0.88 0.7467755202958473
0.89 0.7209258777229629
0.9 0.6989095174215597
0.91 0.6801937969560257
0.92 0.6642712787869616
0.93 0.6506975964218477
0.94 0.6390969441027999
0.95 0.6291582409084179
0.96 0.6206224775228353
0.97 0.6132798252551173
0.98 0.6069554469552658
0.99 0.6015114454342707
1.0 0.5968236511342809
