w q
0.05 0.0002386819810738308
0.06 0.00035183440994868094
0.07 0.0004914106331014983
0.08 0.000659866131549082
0.09 0.0008599639969073045
0.1 0.0010948271658783924
0.11 0.0013680021430166082
0.12 0.001683537430158108
0.13 0.002046081012082042
0.14 0.0024610027846953203
0.15 0.0029345499020108313
0.16 0.0034740457773029406
0.17 0.004088147371901781
0.18 0.004787180229648002
0.19 0.005583578873695927
0.2 0.006492469468581927
0.21 0.007532446152777816
0.22 0.008726613393720065
0.23 0.010103994213537372
0.24 0.011701442714636013
0.25 0.013566254012790178
0.26 0.0157597357492018
0.27 0.01836209973543684
0.28 0.021479148215655424
0.29 0.025251360386251306
0.3 0.029828358391700994
0.31 0.03553465657082849
0.32 0.04266663359931364
0.33 0.05166242204597508
0.34 0.0630838125084303
0.35 0.07761237181559372
0.36 0.09597773314468765
0.37 0.11872491112704767
0.38 0.14568962383995476
0.39 0.17518748441028922
0.4 0.2035301797341295
0.41 0.2261379916387467
0.42 0.24021171806737016
0.43 0.24621696189057318
0.44 0.2466528780332927
0.45 0.24411068125916413
0.46 0.24038317891498126
0.47 0.23646928112221838
0.48 0.23284437902763472
0.49 0.229695327706898
0.5 0.22706616436304483
0.51 0.22493634138756463
0.52 0.22325915846629646
0.53 0.22198004396492688
0.54 0.22104609009608706
0.55 0.22041140469471296
0.56 0.220038087128505
0.57 0.21989265981473077
0.58 0.2199415823877926
0.59 0.22015224553104376
0.6 0.22053748424508388
0.61 0.22099642435098626
0.62 0.22158426008399015
0.63 0.2223069685159567
0.64 0.22312391297084355
0.65 0.22402741414643512
0.66 0.22482452685674026
0.67 0.2260447965192054
0.68 0.22702990248543004
0.69 0.22766007379694125
0.7 0.22942929557358763
0.71 0.22989965352315522
0.72 0.23107676919402506
0.73 0.23330367360149443
0.74 0.23268850282440837
0.75 0.23625247287699505
0.76 0.23668441074717878
0.77 0.2351390732761605
0.78 0.24270849415752344
0.79 0.23725759420435527
0.8 0.24142666975867433
