rs sreg sbad close far
-27.01731447676888 3.242904649511879e-8 6.066064038705407e-8 2.000000000279556e-8 2499.9975000018744
-26.97126275221083 3.318441689363909e-8 6.207363128012533e-8 2.0465859842389024e-8 2499.997441769483
-26.92521102654409 3.395738565349503e-8 6.351964054211598e-8 2.0942570957416252e-8 2499.997382180686
-26.879159299861783 3.4748357050461206e-8 6.499926772376984e-8 2.1430386105691922e-8 2499.9973212038894
-26.833107572956692 3.5557753628374466e-8 6.651339207157529e-8 2.1929563924771856e-8 2499.9972588067635
-26.787055846006506 3.6385996764976635e-8 6.80625845898627e-8 2.2440369082943335e-8 2499.9971949562255
-26.741004117711338 3.723353562174087e-8 6.964796597423962e-8 2.2963072430215447e-8 2499.997129618418
-26.694952389367643 3.810081018658057e-8 7.127009576433429e-8 2.349795109601871e-8 2499.9970627587013
-26.648900659810316 3.8988278993317265e-8 7.292979419673068e-8 2.40452886934861e-8 2499.9969943416236
-26.602848929967173 3.989642357396846e-8 7.462827174626079e-8 2.4605375417152687e-8 2499.996924330911
-26.556797199327896 4.082572487357151e-8 7.636641036395214e-8 2.517850823835488e-8 2499.996852689442
-26.510745468672994 4.177668291406157e-8 7.814535085162568e-8 2.5764991029575413e-8 2499.996779379233
-26.464693736655473 4.2749777066669177e-8 7.996529209640555e-8 2.6365134768724375e-8 2499.996704361412
-26.418642003701812 4.374555802847181e-8 8.182823856478591e-8 2.6979257654602406e-8 2499.996627596205
-26.372590270527283 4.4764538075251124e-8 8.373470953438808e-8 2.7607685293418172e-8 2499.9965490429113
-26.326538536490027 4.5807229647034034e-8 8.568488283769405e-8 2.8250750894187605e-8 2499.9964686598796
-26.280486802132568 4.687420907920011e-8 8.76804959668275e-8 2.890879541084246e-8 2499.996386404491
-26.2344350662605 4.796604661936929e-8 8.972273920232152e-8 2.9582167764274913e-8 2499.9963022331317
-26.188383330144223 4.9083322067171017e-8 9.181272482007544e-8 3.027122496668255e-8 2499.996216101175
-26.142331592836587 5.0226621745583644e-8 9.395137892857276e-8 3.0976332379140105e-8 2499.99612796295
-26.096279855235004 5.139656036774433e-8 9.614008879147852e-8 3.1697863844826204e-8 2499.9960377717293
-26.050228116216818 5.259374290051574e-8 9.837955657855915e-8 3.2436201946595133e-8 2499.9959454796885
-26.004176376524015 5.381880330493808e-8 1.0067094744416758e-7 3.319173814908538e-8 2499.9958510378956
-25.958124636135004 5.5072404738776235e-8 1.0301588087592768e-7 3.396487304740958e-8 2499.995754396277
-25.91207289481486 5.6355208248158026e-8 1.054154929766637e-7 3.4756016571435566e-8 2499.995655503591
-25.866021152374877 5.766789129195291e-8 1.0787097524078935e-7 3.556558819894917e-8 2499.9955543074047
-25.819969409176565 5.901115108529432e-8 1.1038366490539864e-7 3.639401716881707e-8 2499.995450754063
-25.77391766493681 6.038569547962799e-8 1.1295476554917752e-7 3.724174272967673e-8 2499.99534478866
-25.727865919368515 6.179226183048879e-8 1.1558589377605571e-7 3.8109214361981e-8 2499.9952363550124
-25.681814173472436 6.323158825879695e-8 1.18278217762813e-7 3.899689199116097e-8 2499.995125395629
-25.635762426034262 6.470445227395861e-8 1.2103359190672796e-7 3.9905246298488354e-8 2499.995011851677
-25.589710677828602 6.621161152153543e-8 1.2385278459634002e-7 4.083475888982946e-8 2499.9948956629546
-25.543658928317075 6.775387359174725e-8 1.2673754018718624e-7 4.1785922615389384e-8 2499.9947767678577
-25.497607177630204 6.933206062689137e-8 1.29689522323534e-7 4.275924179175661e-8 2499.9946551033468
-25.45155542613098 7.094701256693409e-8 1.3271039037002607e-7 4.375523247723834e-8 2499.9945306049144
-25.405503673120943 7.25995868120674e-8 1.3580177856048578e-7 4.477442277384114e-8 2499.9944032065505
-25.359451919101023 7.429064638484577e-8 1.3896493322349247e-7 4.581735305819734e-8 2499.9942728407077
-25.313400163842246 7.602109560757499e-8 1.422017603946815e-7 4.688457631019105e-8 2499.9941394382654
-25.26734840758082 7.779185622523264e-8 1.4551410450814086e-7 4.797665837941168e-8 2499.994002928492
-25.221296649800934 7.96038634207232e-8 1.4890360910285392e-7 4.9094178313779934e-8 2499.993863239009
-25.175244890933584 8.14580751278673e-8 1.5237198919690088e-7 5.02377286260014e-8 2499.993720295752
-25.12919313030641 8.335548102452117e-8 1.5592127797455525e-7 5.140791565771963e-8 2499.9935740229307
-25.083141368696612 8.529707832124272e-8 1.5955309359872348e-7 5.260535983708792e-8 2499.9934243429925
-25.037089605542054 8.728390079684675e-8 1.6326949197206598e-7 5.3830696078449594e-8 2499.9932711765737
-24.991037840992536 8.931700740828341e-8 1.6707260808818472e-7 5.5084574066555094e-8 2499.993114442465
-24.94498607481802 9.13974693193831e-8 1.709642538038245e-7 5.636765862959692e-8 2499.992954057565
-24.898934307586487 9.352639062523198e-8 1.7494652325826315e-7 5.768063005895385e-8 2499.992789936838
-24.85288253835064 9.570490173757431e-8 1.7902157541265507e-7 5.9024184535516615e-8 2499.9926219932636
-24.806830767922342 9.79341573541766e-8 1.8319156111684606e-7 6.039903440502315e-8 2499.9924501377996
-24.760778995666687 1.0021533665055214e-7 1.8745860659840068e-7 6.180590864879321e-8 2499.992274279325
-24.714727221773412 1.0254965552865372e-7 1.918251658235172e-7 6.324555320347259e-8 2499.9920943245997
-24.668675446213655 1.049383456398953e-7 1.9629337230740585e-7 6.471873138735873e-8 2499.9919101782098
-24.62262366891582 1.0738267281997145e-7 2.0086557627060703e-7 6.622622430008107e-8 2499.9917217425213
-24.57657188993513 1.098839393413061e-7 2.0554438787219753e-7 6.776883123116306e-8 2499.991528917624
-24.530520109366297 1.1244346734337811e-7 2.103321666387518e-7 6.934737008634783e-8 2499.9913316012817
-24.484468326543986 1.1506261250841333e-7 2.152314083194982e-7 7.096267784945098e-8 2499.9911296888736
-24.438416542076684 1.1774276520962322e-7 2.2024476096806946e-7 7.261561095539548e-8 2499.990923073348
-24.39236475558377 1.204853500918621e-7 2.2537498978017164e-7 7.430704582311875e-8 2499.990711645154
-24.346312967280788 1.2329181722716147e-7 2.3062469196160168e-7 7.603787926413475e-8 2499.990495292194
-24.300261176894313 1.2616365440886262e-7 2.3599664538223272e-7 7.780902899767739e-8 2499.990273899755
-24.254209384337308 1.2910238891710226e-7 2.4149383447583824e-7 7.96214341125534e-8 2499.9900473504526
-24.20815758970211 1.321095718404309e-7 2.4711896249145095e-7 8.14760555645222e-8 2499.9898155241717
-24.162105793105024 1.3518679861600425e-7 2.528750419112974e-7 8.337387669143936e-8 2499.989578297997
-24.116053993996157 1.3833570598531215e-7 2.587652778684055e-7 8.531590376392729e-8 2499.9893355461486
-24.070002192876185 1.415579618342474e-7 2.647927436206563e-7 8.730316644722791e-8 2499.989087139921
-24.02395038928406 1.4485527248321606e-7 2.709605683564791e-7 8.933671843180947e-8 2499.988832947607
-23.977898583438698 1.482293872926308e-7 2.772720561747908e-7 9.141763792186452e-8 2499.9885728344343
-23.931846775093657 1.516820960322545e-7 2.837305760256705e-7 9.354702825703499e-8 2499.9883066624884
-23.885794964305806 1.5521523010776582e-7 2.903395732484542e-7 9.572601846308259e-8 2499.988034290646
-23.839743150929998 1.5883066077294177e-7 2.9710249070280035e-7 9.795576387361393e-8 2499.987755574494
-23.793691334990317 1.6253030521168617e-7 3.04022920948533e-7 1.0023744672515989e-7 2499.987470366257
-23.747639516414424 1.6631612665015202e-7 3.1110458130457745e-7 1.0257227679666414e-7 2499.987178514718
-23.701587695081137 1.7019013105399048e-7 3.183511882782625e-7 1.0496149204897165e-7 2499.9868798651355
-23.655535870975026 1.7415437181938445e-7 3.2576656195211353e-7 1.0740635927319886e-7 2499.9865742591664
-23.609484043951987 1.782109513342333e-7 3.333546501713e-7 1.0990817477463112e-7 2499.986261534777
-23.56343221413013 1.823620201945996e-7 3.411194676410478e-7 1.1246826503885643e-7 2499.9859415261626
-23.51738038127166 1.866097812260892e-7 3.4906518825177123e-7 1.1508798746895366e-7 2499.9856140636534
-23.4713285454304 1.9095648548076644e-7 3.57195988762986e-7 1.1776873106938979e-7 2499.985278973629
-23.425276706317746 1.9540443766669756e-7 3.655161808758891e-7 1.2051191721873522e-7 2499.9849360784247
-23.379224864183588 1.9995599701862544e-7 3.740302019418423e-7 1.233190003713247e-7 2499.9845851962386
-23.333173018746233 2.0461357536976961e-7 3.827425221909021e-7 1.2619146889214505e-7 2499.984226141033
-23.28712116991815 2.09379641922794e-7 3.9165775111507143e-7 1.29130845802905e-7 2499.9838587224376
-23.24106931763944 2.1425672466670783e-7 4.0078064409210226e-7 1.3213868959915942e-7 2499.9834827456466
-23.195017461879353 2.1924741174045856e-7 4.101161061112511e-7 1.3521659507631513e-7 2499.983098011319
-23.148965602530488 2.2435434532102766e-7 4.196689666526874e-7 1.3836619418228226e-7 2499.98270431547
-23.102913739469926 2.2958023555678544e-7 4.2944436209041484e-7 1.415891568790073e-7 2499.9823014493622
-23.056861872768206 2.3492785317996575e-7 4.3944747259785467e-7 1.4488719201288803e-7 2499.9818891993996
-23.01081000218955 2.4040003235676294e-7 4.4968356498828e-7 1.4826204825624244e-7 2499.9814673470064
-22.964758127622513 2.459996753995793e-7 4.6015809298358506e-7 1.517155150043692e-7 2499.981035668519
-22.918706249045808 2.5172974985056596e-7 4.708765656629371e-7 1.552494233258983e-7 2499.9805939350636
-22.872654366328806 2.575932951508449e-7 4.818447031324407e-7 1.5886564694866933e-7 2499.9801419124356
-22.826602479446038 2.635934209701595e-7 4.930683440732649e-7 1.625661032367276e-7 2499.979679360975
-22.78055058830076 2.697333080269051e-7 5.045534195717221e-7 1.6635275422061112e-7 2499.9792060354403
-22.734498692745607 2.760162123054757e-7 5.163060342938461e-7 1.7022760763651946e-7 2499.9787216848767
-22.688446792573266 2.8244546276658207e-7 5.283323491392326e-7 1.7419271799212766e-7 2499.9782260524835
-22.642394887886617 2.8902447183400436e-7 5.406388477998062e-7 1.7825018762351875e-7 2499.977718875483
-22.59634297843098 2.957567261749161e-7 5.532320048125051e-7 1.8240216786757913e-7 2499.9771998849715
-22.550291064054747 3.026457951228501e-7 5.66118490818977e-7 1.8665086016333986e-7 2499.976668805784
-22.504239144829942 3.096953316251002e-7 5.793051470043176e-7 1.9099851720660867e-7 2499.97612535635
-22.45818722052492 3.1690907314064106e-7 5.927989546411328e-7 1.9544744419341954e-7 2499.9755692485355
-22.412135291047246 3.242908443903142e-7 6.066070642578309e-7 2.0000000000131025e-7 2499.9750001874986
-22.366083356238622 3.3184456032647017e-7 6.207368262985336e-7 2.0465859845941736e-7 2499.9744178715277
-22.320031416059788 3.395742247692958e-7 6.351956975719897e-7 2.0942570960968965e-7 2499.9738219918872
-22.273979470282836 3.474839368887327e-7 6.499913640983132e-7 2.1430386104803745e-7 2499.973212232646
-22.227927518826842 3.5557789042265e-7 6.651316667450766e-7 2.19295639229955e-7 2499.9725882705193
-22.18187556161485 3.6386037647431777e-7 6.806246220437098e-7 2.244036908560787e-7 2499.97194977469
-22.13582359834065 3.72335787386683e-7 6.964784673750308e-7 2.2963072430215447e-7 2499.9712964066334
-22.089771629074768 3.810086163965692e-7 7.127015907482056e-7 2.3497951098683245e-7 2499.970627819947
-22.043719653516188 3.898834628788226e-7 7.293026229436699e-7 2.404528869259792e-7 2499.9699436601522
-21.99766767163234 3.9896503103820744e-7 7.462903228251838e-7 2.4605375416264506e-7 2499.96924356452
-21.951615683222748 4.082581369800151e-7 7.636737230323135e-7 2.5178508235690343e-7 2499.9685271618705
-21.905563688094215 4.1776770821780903e-7 7.814620466010924e-7 2.5764991034016306e-7 2499.9677940723773
-21.859511686154608 4.2749878671181803e-7 7.996647187499582e-7 2.636513477138891e-7 2499.9670439073707
-21.813459677245298 4.3745653199678516e-7 8.182913892035285e-7 2.697925765193787e-7 2499.966276269126
-21.767407661209496 4.476462237940621e-7 8.373519323075083e-7 2.7607685291641816e-7 2499.965490750656
-21.72135563778979 4.580732649084289e-7 8.568564550600972e-7 2.825075089241125e-7 2499.9646869354924
-21.675303606879307 4.6874318389054827e-7 8.768152963194601e-7 2.8908795415283354e-7 2499.96386439747
-21.629251568356963 4.796616385354934e-7 8.972390529776116e-7 2.9582167763386737e-7 2499.9630227004973
-21.58319952198753 4.908344178925446e-7 9.181385485355838e-7 3.027122496845891e-7 2499.9621613983227
-21.537147467556274 5.022674454173035e-7 9.395248478955823e-7 3.0976332378251924e-7 2499.9612800343034
-21.49109540492798 5.139667830904026e-7 9.614092887693652e-7 3.1697863849267095e-7 2499.9603781411624
-21.445043333883085 5.259386343914889e-7 9.83803483633127e-7 3.243620194748331e-7 2499.9594552407357
-21.398991254253758 5.381893478715607e-7 1.0067193308243027e-6 3.3191738149085385e-7 2499.9585108437254
-21.352939165849445 5.507254186509331e-7 1.0301689665130408e-6 3.396487304918594e-7 2499.9575444494385
-21.306887068414873 5.635534930050582e-7 1.0541648071654195e-6 3.475601657498828e-7 2499.956555545516
-21.2608349617722 5.766803733761504e-7 1.0787195973148893e-6 3.556558820072553e-7 2499.955543607669
-21.21478284568551 5.901130188004688e-7 1.1038463228475556e-6 3.6394017172369786e-7 2499.954508099398
-21.168730719973695 6.038585523271502e-7 1.1295583324622036e-6 3.7241742733229445e-7 2499.953448471707
-21.122678584373798 6.179242625993355e-7 1.1558692699763938e-6 3.810921435931647e-7 2499.9523641628134
-21.07662643865519 6.323176065224877e-7 1.1827930565046389e-6 3.899689199560186e-7 2499.9512545978514
-21.030574282640824 6.470462168581874e-7 1.2103440014902086e-6 3.990524629937653e-7 2499.9501191885665
-20.984522116025005 6.621179026136259e-7 1.2385366992813214e-6 4.0834758893382176e-7 2499.948957333003
-20.938469938578784 6.775406549928282e-7 1.26738609567841e-6 4.178592261716574e-7 2499.9477684151843
-20.892417750066393 6.933226512931404e-7 1.2969074818880242e-6 4.2759241789980253e-7 2499.9465518047905
-20.846365550207075 7.094722598115935e-7 1.327116518130343e-6 4.3755232479014697e-7 2499.945306856819
-20.800313338761626 7.259980432096853e-7 1.3580292183271136e-6 4.47744227711766e-7 2499.944032911248
-20.754261115420366 7.429087641148138e-7 1.3896619794096506e-6 4.5817353055532806e-7 2499.9427292926794
-20.708208879946365 7.602133886985278e-7 1.4220315669424098e-6 4.688457630663834e-7 2499.9413953099897
-20.662156632059432 7.779210927954804e-7 1.4551551600502723e-6 4.797665838029985e-7 2499.940030255957
-20.616104371432602 7.960412643613893e-7 1.489050288711563e-6 4.909417831377993e-7 2499.9386334068886
-20.570052097790818 8.145835120257385e-7 1.5237349514219187e-6 5.023772863044229e-7 2499.937204022237
-20.523999810859937 8.335576673365862e-7 1.559227540174445e-6 5.140791565505509e-7 2499.93574134421
-20.477947510262826 8.529737907647445e-7 1.5955468691771678e-6 5.260535983797609e-7 2499.934244597363
-20.431895195740722 8.728421771339434e-7 1.6327121964179972e-6 5.383069607844959e-7 2499.9327129881954
-20.385842866946117 8.931733611674919e-7 1.6707432279971964e-6 5.508457406655509e-7 2499.931145704724
-20.339790523541115 9.13978122804621e-7 1.7096601228556942e-6 5.636765862515603e-7 2499.929541916056
-20.29373816519168 9.352674931090561e-7 1.7494835128278977e-6 5.768063006250656e-7 2499.9279007719488
-20.247685791539702 9.570527607176375e-7 1.7902345276935207e-6 5.902418453374026e-7 2499.9262214023574
-20.201633402280535 9.793454768136693e-7 1.8319347757727306e-6 6.039903440768768e-7 2499.924502916976
-20.15558099696222 1.002157461401817e-6 1.8746063643294791e-6 6.180590865056956e-7 2499.922744404761
-20.109528575286383 1.0255008094415604e-6 1.918271901426353e-6 6.324555320347258e-7 2499.920944933456
-20.063476136851335 1.0493878989515646e-6 1.9629545632814696e-6 6.471873138558237e-7 2499.9191035490917
-20.017423681234085 1.0738313951652035e-6 2.00867803154924e-6 6.622622429652835e-7 2499.9172192754804
-19.971371208077837 1.0988442589006408e-6 2.0554665555091222e-6 6.776883122761035e-7 2499.915291113705
-19.925318716933585 1.1244397527130692e-6 2.1033449467602998e-6 6.934737009078873e-7 2499.9133180415806
-19.879266207425964 1.15063144778837e-6 2.1523385841038466e-6 7.096267784678645e-7 2499.9112990131207
-19.83321367911259 1.1774332316728788e-6 2.20247344396652e-6 7.261561095361913e-7 2499.9092329579794
-19.787161131520683 1.2048593158835505e-6 2.2537761243926562e-6 7.430704581956604e-7 2499.907118780882
-19.74110856424703 1.2329242422707443e-6 2.306273818592398e-6 7.603787926413475e-7 2499.9049553610503
-19.695055976820342 1.261642891355692e-6 2.359994353694506e-6 7.780902899856557e-7 2499.9027415516057
-19.649003368748488 1.2910304914653952e-6 2.414966240154839e-6 7.962143411077705e-7 2499.9004761789574
-19.602950739576222 1.321102624103867e-6 2.471218605176662e-6 8.147605556096948e-7 2499.8981580421896
-19.556898088808502 1.3518752346227425e-6 2.528781280954729e-6 8.33738766941039e-7 2499.8957859124184
-19.510845415934657 1.3833646395537795e-6 2.5876847888511717e-6 8.531590376037457e-7 2499.8933585321415
-19.464792720442848 1.4155875355251105e-6 2.6479603601281142e-6 8.730316644811609e-7 2499.890874614575
-19.418740001812445 1.4485610085249264e-6 2.7096399664317676e-6 8.933671843003311e-7 2499.888332842968
-19.372687259494107 1.48230254175618e-6 2.7727563015332044e-6 9.141763792275271e-7 2499.8857318699074
-19.326634492942848 1.5168300265844484e-6 2.837342847639252e-6 9.354702825703498e-7 2499.8830703166036
-19.28058170157229 1.5521617702226091e-6 2.903433838053688e-6 9.572601846485896e-7 2499.8803467721586
-19.234528884848167 1.588316506881513e-6 2.9710643228337555e-6 9.795576387361394e-7 2499.877559792823
-19.188476042151198 1.6253134071343174e-6 3.0402701638911746e-6 1.0023744672515988e-6 2499.8747079012232
-19.14242317286714 1.663172087798033e-6 3.1110880515235846e-6 1.025722767984405e-6 2499.871789585586
-19.096370276404702 1.701912622928605e-6 3.1835555390605646e-6 1.0496149204985983e-6 2499.8688032989357
-19.050317352108724 1.7415555542526616e-6 3.2577110546767313e-6 1.0740635927408704e-6 2499.865747458273
-19.00426439933374 1.782121901974587e-6 3.3335939214944275e-6 1.0990817477196658e-6 2499.8626204437373
-18.958211417438566 1.8236331759017703e-6 3.4112443800691e-6 1.1246826503796825e-6 2499.859420597751
-18.91215840572008 1.866111386714431e-6 3.490703597223885e-6 1.150879874671773e-6 2499.8561462241364
-18.86610536348316 1.9095790580604514e-6 3.5720137110422116e-6 1.1776873107116615e-6 2499.852795587222
-18.820052290025867 1.9540592381114994e-6 3.655217833103286e-6 1.2051191721518251e-6 2499.849366910921
-18.773999184630924 1.999575512091788e-6 3.740360087737219e-6 1.2331900037221288e-6 2499.845858377793
-18.72794604654083 2.046152014505966e-6 3.827485620053789e-6 1.2619146889569777e-6 2499.842268128076
-18.681892874980665 2.0938134421029725e-6 3.916640628488668e-6 1.2913084580734591e-6 2499.838594258705
-18.6358396692007 2.142585066994523e-6 4.007872391613857e-6 1.3213868960182397e-6 2499.8348348223094
-18.589786428397204 2.1924927497092317e-6 4.101229280210164e-6 1.3521659507809147e-6 2499.8309878261693
-18.543733151729338 2.243562953860362e-6 4.1967608084796234e-6 1.383661941840586e-6 2499.82705123117
-18.497679838386336 2.2958227587410364e-6 4.29451762564485e-6 1.4158915687723096e-6 2499.8230229507203
-18.45162648751919 2.3492998748083234e-6 4.3945515694214465e-6 1.4488719201466439e-6 2499.818900849646
-18.40557309823182 2.4040226581955753e-6 4.49691568838117e-6 1.4826204825979517e-6 2499.8146827430573
-18.35951966962925 2.4600201252732247e-6 4.60166426070242e-6 1.5171551500614556e-6 2499.810366395195
-18.313466200817224 2.5173219685108546e-6 4.708852832166658e-6 1.5524942332589832e-6 2499.80594951825
-18.267412690844317 2.5759585721628095e-6 4.818538244447606e-6 1.5886564694511663e-6 2499.8014297711425
-18.221359138755197 2.635961027816418e-6 4.9307786538578045e-6 1.625661032331749e-6 2499.7968047582895
-18.17530554357327 2.6973611519931377e-6 5.045633585016919e-6 1.6635275422061113e-6 2499.792072028336
-18.12925190429234 2.760191501714562e-6 5.163163935216251e-6 1.7022760764007218e-6 2499.7872290728533
-18.083198219872276 2.824485393284416e-6 5.283432038811666e-6 1.741927179912395e-6 2499.7822733250146
-18.037144489274233 2.8902769182549086e-6 5.406501665281994e-6 1.7825018762707146e-6 2499.7772021582355
-17.99109071142839 2.9576009627419417e-6 5.532438076946322e-6 1.8240216787113185e-6 2499.772012884783
-17.945036885217654 3.0264932256354065e-6 5.6613080569462975e-6 1.8665086015978717e-6 2499.7667027543516
-17.89898300953701 3.0969902373220515e-6 5.7931799466142325e-6 1.909985172039441e-6 2499.76126895261
-17.852929083214207 3.169129379065974e-6 5.928123670422229e-6 1.95447444190755e-6 2499.755708599706
-17.806875105068034 3.2429489031475616e-6 6.066210789530398e-6 2.0000000000042207e-6 2499.7500187487494
-17.760821073915945 3.318487952663299e-6 6.207514527182892e-6 2.0465859845586466e-6 2499.744196384251
-17.71476698849389 3.395786582992805e-6 6.3521098200803734e-6 2.094257096105778e-6 2499.738238420518
-17.668712847565562 3.4748857823399845e-6 6.5000733453714985e-6 2.1430386104714926e-6 2499.7321417000335
-17.6226586498092 3.5558274937509163e-6 6.651483564734914e-6 2.192956392290668e-6 2499.725902991774
-17.576604393926292 3.6386546375088733e-6 6.8064207726457366e-6 2.244036908605196e-6 2499.71951898951
-17.530550078549833 3.7234111335660288e-6 6.964967129076531e-6 2.2963072429948996e-6 2499.712986310048
-17.484495702299174 3.810141925250124e-6 7.127206714085342e-6 2.3497951098772062e-6 2499.7063014914434
-17.438441263751145 3.898893002874827e-6 7.293225565513907e-6 2.4045288692331467e-6 2499.6994609911694
-17.392386761454876 3.989711428032274e-6 7.463111723389722e-6 2.460537541626451e-6 2499.6924611842423
-17.346332193933485 4.082645358555062e-6 7.636955274800389e-6 2.5178508235867983e-6 2499.6852983613053
-17.30027755966026 4.177744074487922e-6 7.81484841586654e-6 2.576499103383867e-6 2499.6779687266594
-17.25422285708026 4.27505800373067e-6 7.996885486977266e-6 2.6365134771122456e-6 2499.670468396263
-17.20816808460436 4.374638748980842e-6 8.183163022875704e-6 2.6979257651849054e-6 2499.662793395675
-17.16211324060542 4.476539114965904e-6 8.373779806572679e-6 2.7607685292085903e-6 2499.6549396579503
-17.116058323422685 4.58081313675141e-6 8.568836928079913e-6 2.825075089241125e-6 2499.6469030214903
-17.070003331336427 4.687516108401108e-6 8.768437833745072e-6 2.890879541492808e-6 2499.6386792278413
-17.02394826261394 4.7967046117104235e-6 8.972688373199019e-6 2.9582167763386736e-6 2499.6302639194437
-16.977893115469477 4.90843654690731e-6 9.181696864891183e-6 3.0271224968725363e-6 2499.6216526373255
-16.93183788807248 5.022771163134644e-6 9.395574155629008e-6 3.0976332378251926e-6 2499.612840818745
-16.885782578558167 5.139769089738886e-6 9.614433667630711e-6 3.169786384917828e-6 2499.60382379478
-16.839727185002662 5.259492368716369e-6 9.838391474334945e-6 3.243620194721686e-6 2499.594596787853
-16.793671705465403 5.3820044872353695e-6 1.0067566344074636e-5 3.319173814873011e-6 2499.5851549092163
-16.7476161379274 5.507370411697233e-6 1.0302079819130728e-5 3.3964873049274758e-6 2499.5754931563533
-16.701560480352196 5.635656621973259e-6 1.0542056272626839e-5 3.475601657498828e-6 2499.5656064103478
-16.65550473063221 5.766931146944644e-6 1.0787622977853754e-5 3.5565588200814347e-6 2499.5554894331676
-16.609448886629902 5.901263600202983e-6 1.1038910171169373e-5 3.639401717219215e-6 2499.5451368649015
-16.563392946143303 6.038725217091638e-6 1.1296051119703068e-5 3.7241742733229445e-6 2499.534543220924
-16.517336906925753 6.179388892606706e-6 1.1559182198932518e-5 3.810921435922765e-6 2499.523702888998
-16.471280766675893 6.323329220363454e-6 1.1828442968383897e-5 3.899689199515777e-6 2499.5126101263068
-16.425224523044385 6.470622531502678e-6 1.2103976232309149e-5 3.990524629937653e-6 2499.5012590564243
-16.379168173621892 6.621346935599283e-6 1.2385928122183106e-5 4.083475889338218e-6 2499.4896436662043
-16.33311171594317 6.775582362096436e-6 1.267444817699672e-5 4.1785922617076925e-6 2499.477757802607
-16.287055147486093 6.933410602642713e-6 1.2969689421693046e-5 4.275924179006907e-6 2499.465595169446
-16.240998465672828 7.094915354543427e-6 1.3271808446394262e-5 4.375523247901469e-6 2499.453149324067
-16.194941667863127 7.260182265072698e-6 1.3580965487810408e-5 4.477442277135424e-6 2499.4404136739413
-16.14888475135128 7.429298976918189e-6 1.3897324516276933e-5 4.581735305535517e-6 2499.427381473181
-16.10282771337626 7.602355174819595e-6 1.4221053327237931e-5 4.688457630637188e-6 2499.414045818983
-16.05677055110493 7.779442633247217e-6 1.4552323626590272e-5 4.797665838038867e-6 2499.4003996479814
-16.01071326164572 7.960655264634582e-6 1.4891311118706542e-5 4.9094178313691115e-6 2499.386435732515
-15.964655842034496 8.14608916958959e-6 1.5238195600181926e-5 5.023772863017584e-6 2499.3721466768166
-15.918598289237575 8.335842687882262e-6 1.559316106279675e-5 5.140791565541036e-6 2499.3575249131045
-15.872540600158842 8.530016450455037e-6 1.5956395782539318e-5 5.260535983788728e-6 2499.342562697591
-15.82648277161698 8.728713433059776e-6 1.632809242643886e-5 5.383069607853841e-6 2499.327252106392
-15.780424800368273 8.93203901062785e-6 1.670844814958466e-5 5.508457406673273e-6 2499.3115850313493
-15.734366683086058 9.140101013445903e-6 1.7097664702148177e-5 5.6367658625244845e-6 2499.2955531757493
-15.688308416368306 9.353009784082236e-6 1.7495948534200323e-5 5.768063006250657e-6 2499.279148049946
-15.642249996736256 9.570878236409008e-6 1.790351091369855e-5 5.9024184533296165e-6 2499.262360966883
-15.596191420625843 9.793821914985566e-6 1.8320568026129382e-5 6.039903440804295e-6 2499.2451830375103
-15.550132684393828 1.0021959056657705e-5 1.8747341094906475e-5 6.180590865030311e-6 2499.2276051660983
-15.504073784311682 1.0255410653408496e-5 1.9184056503527346e-5 6.324555320338376e-6 2499.209618045437
-15.458014716561028 1.0494300516487654e-5 1.9630945911241136e-5 6.471873138593765e-6 2499.1912121519317
-15.411955477236658 1.0738755342023844e-5 2.0088246377747957e-5 6.622622429652836e-6 2499.1723777405796
-15.365896062341356 1.0988904778264423e-5 2.055620048313894e-5 6.77688312278768e-6 2499.153104839835
-15.319836467787773 1.1244881494639898e-5 2.103505646526136e-5 6.934737009052228e-6 2499.133383246353
-15.273776689390065 1.150682125183165e-5 2.152506834757416e-5 7.0962677846697635e-6 2499.113202519608
-15.227716722862974 1.1774862974278747e-5 2.2026496077289675e-5 7.261561095406322e-6 2499.0925519763973
-15.181656563828797 1.2049148823424161e-5 2.2539605656463847e-5 7.4307045819477226e-6 2499.0714206852135
-15.135596207802251 1.232982427353304e-5 2.306466928769024e-5 7.6037879264134745e-6 2499.049797460479
-15.08953565019491 1.2617038188743745e-5 2.360196552064523e-5 7.780902899883203e-6 2499.027670856661
-15.04347488630913 1.2910942902236477e-5 2.415177939740715e-5 7.962143411068824e-6 2499.0050291622397
-14.99741391134247 1.3211694297045975e-5 2.4714402607085854e-5 8.147605556079185e-6 2498.9818603935464
-14.951352720375287 1.3519451888772885e-5 2.5290133635450162e-5 8.337387669410391e-6 2498.958152288448
-14.905291308381724 1.3834378910132476e-5 2.587927792446468e-5 8.531590376028575e-6 2498.9338922999023
-14.859229670207773 1.4156642398121278e-5 2.6482148041763952e-5 8.730316644802727e-6 2498.9090675893426
-14.81316780058744 1.448641328214267e-5 2.709906383905665e-5 8.933671843021073e-6 2498.8836650199314
-14.767105694129535 1.482386647518093e-5 2.773035262753049e-5 9.141763792301917e-6 2498.8576711496466
-14.721043345318106 1.5169180966286974e-5 2.837634934323205e-5 9.354702825747908e-6 2498.8310722242118
-14.674980748508533 1.5522539915953768e-5 2.90373967356128e-5 9.572601846450368e-6 2498.8038541698597
-14.628917897920829 1.5884130753267533e-5 2.9713845543130326e-5 9.795576387370275e-6 2498.776002585934
-14.582854787647527 1.625414527554041e-5 3.0406054685698915e-5 1.0023744672542634e-5 2498.7475027373216
-14.536791411636916 1.663277974984517e-5 3.11143914466493e-5 1.0257227679826287e-5 2498.7183395467036
-14.490727763700692 1.702023501758399e-5 3.183923167389868e-5 1.0496149204994865e-5 2498.688497586637
-14.4446638375039 1.741671660109175e-5 3.258095998160036e-5 1.0740635927408704e-5 2498.657961071444
-14.398599626567256 1.7822434812644196e-5 3.33399699494961e-5 1.0990817477152248e-5 2498.6267138489266
-14.352535124256223 1.823760486640588e-5 3.411666433792058e-5 1.1246826503805707e-5 2498.594739391879
-14.306470323783754 1.8662446992393086e-5 3.491145529294023e-5 1.1508798746744375e-5 2498.5620207894126
-14.260405218206758 1.909718655382987e-5 3.5724764575888264e-5 1.1776873107107733e-5 2498.5285407380825
-14.214339800416205 1.9542054166719602e-5 3.655702378321696e-5 1.2051191721482723e-5 2498.4942815328
-14.168274063139716 1.9997285822343263e-5 3.740867457742551e-5 1.233190003723017e-5 2498.4592250575483
-14.122207998937075 2.0463123012534285e-5 3.8280168916857206e-5 1.2619146889605304e-5 2498.4233527758824
-14.076141600193322 2.0939812858020125e-5 3.917196930091604e-5 1.2913084580690182e-5 2498.3866457212016
-14.030074859113434 2.1427608240048178e-5 4.008454901935365e-5 1.321386896015575e-5 2498.3490844868106
-13.984007767727316 2.1926767934307964e-5 4.101839239716498e-5 1.3521659507835792e-5 2498.310649215752
-13.93794031787127 2.2437556748663775e-5 4.1973995057528893e-5 1.3836619418379215e-5 2498.2713195903907
-13.89187250119857 2.296024566371273e-5 4.295186418004923e-5 1.4158915687678686e-5 2498.2310748217824
-13.845804309162125 2.349511197705233e-5 4.395251877657641e-5 1.4488719201501965e-5 2498.1898936387784
-13.799735733021762 2.4042439450402657e-5 4.497648996639746e-5 1.4826204826015044e-5 2498.147754276897
-13.753666763827148 2.460251846062859e-5 4.602432125763839e-5 1.517155150058791e-5 2498.1046344669226
-13.707597392426454 2.5175646153781287e-5 4.709656883526006e-5 1.5524942332572067e-5 2498.0605114232667
-13.661527609448328 2.5762126603361304e-5 4.819380185781486e-5 1.5886564694485017e-5 2498.0153618320373
-13.615457405306932 2.6362270971708623e-5 4.931660276503594e-5 1.6256610323281963e-5 2497.9691618388556
-13.569386770192251 2.697639767570321e-5 5.046556758291483e-5 1.6635275422052233e-5 2497.9218870363875
-13.523315694064648 2.760483255572964e-5 5.1641306244868314e-5 1.7022760764051626e-5 2497.8735124515847
-13.477244166653225 2.8247909049051843e-5 5.284444291109007e-5 1.741927179912395e-5 2497.824012532645
-13.431172177445806 2.89059683670899e-5 5.407561630696552e-5 1.782501876267162e-5 2497.773361135667
-13.385099715683909 2.9579359676993253e-5 5.5335480062286064e-5 1.8240216787122065e-5 2497.721531510999
-13.339026770362649 3.0268440287115088e-5 5.662470305915223e-5 1.866508601594319e-5 2497.6684962892923
-13.292953330217777 3.097357583715994e-5 5.794396978681234e-5 1.909985172042994e-5 2497.614227467215
-13.24687938372271 3.169514049246517e-5 5.9293980705123606e-5 1.9544744419119908e-5 2497.5586963928527
-13.200804919084385 3.243351714329429e-5 6.06754526247213e-5 1.99999999999978e-5 2497.5018737507808
-13.154729924232196 3.3189097608329714e-5 6.208911908465949e-5 2.046585984561311e-5 2497.443729546783
-13.108654386815946 3.39622828431842e-5 6.353573074460585e-5 2.0942570961022257e-5 2497.3842330922366
-13.06257829419944 3.475348315344184e-5 6.50160557806931e-5 2.1430386104750453e-5 2497.32335298814
-13.016501633448629 3.556311841342318e-5 6.65308803022851e-5 2.1929563922862274e-5 2497.261057108765
-12.97042439133012 3.639161828925973e-5 6.808100876977374e-5 2.244036908604308e-5 2497.197312584957
-12.924346554303169 3.723942246772881e-5 6.966726442187672e-5 2.2963072429940114e-5 2497.1320857870473
-12.878268108510124 3.810698089004125e-5 7.129048971471571e-5 2.3497951098789826e-5 2497.0653423073722
-12.83218903977042 3.899475399136004e-5 7.295154677023065e-5 2.4045288692349233e-5 2496.9970469424065
-12.786109333574498 3.990321294604832e-5 7.465131784211206e-5 2.4605375416246744e-5 2496.9271636744893
-12.740028975073372 4.083283991842676e-5 7.639070578256011e-5 2.5178508235885745e-5 2496.855655653133
-12.693947949073577 4.178412831935177e-5 7.81706345265329e-5 2.5764991033865316e-5 2496.782485175916
-12.647866240026794 4.2757583068922975e-5 7.999204957983086e-5 2.6365134771131337e-5 2496.7076136689357
-12.601783832023253 4.375372086539329e-5 8.185591852989647e-5 2.697925765183129e-5 2496.63100166683
-12.555700708781115 4.477307046045687e-5 8.376323156258103e-5 2.760768529205926e-5 2496.552608792338
-12.509616853641289 4.5816172940703516e-5 8.571500199083255e-5 2.8250750892455655e-5 2496.4723937354124
-12.463532249555278 4.6883582015798733e-5 8.771226679254746e-5 2.8908795414919197e-5 2496.390314231848
-12.417446879078296 4.7975864313381446e-5 8.975608716685083e-5 2.958216776336009e-5 2496.30632704144
-12.371360724357793 4.9093599681270406e-5 9.184754910403759e-5 3.0271224968725362e-5 2496.220387925644
-12.325273767127367 5.023738149606617e-5 9.398776396578306e-5 3.0976332378251925e-5 2496.1324516247428
-12.279185988694058 5.140781697956044e-5 9.617786907831302e-5 3.169786384922268e-5 2496.0424718344916
-12.233097369929137 5.260552752211217e-5 9.841902833791433e-5 3.2436201947181334e-5 2495.950401182243
-12.187007891259547 5.3831149014094616e-5 0.000100712432837448 3.3191738148747876e-5 2495.856191202543
-12.140917532654186 5.508533218488521e-5 0.00010305930150563355 3.396487304923923e-5 2495.75979231217
-12.09482627361823 5.636874294952759e-5 0.00010546088175709163 3.475601657498828e-5 2495.6611537846265
-12.048734093177082 5.7682062764102395e-5 0.00010791845015938886 3.556558820077882e-5 2495.5602237240532
-12.002640969868576 5.902598898875338e-5 0.00011043331311494602 3.639401717220103e-5 2495.4569490385647
-11.956546881730784 6.04012352601504e-5 0.00011300680756694232 3.724174273325609e-5 2495.3512754129933
-11.910451806289629 6.180853187174443e-5 0.00011564030171259348 3.810921435926318e-5 2495.2431472810194
-11.864355720548023 6.324862616349601e-5 0.00011833519573697666 3.899689199515777e-5 2495.1325077966876
-11.818258600972822 6.472228292077225e-5 0.00012109292256003955 3.990524629937653e-5 2495.0192988052904
-11.772160423483164 6.623028478213908e-5 0.00012391494860790434 4.0834758893391056e-5 2494.9034608136008
-11.726061163437308 6.777343265751538e-5 0.00012680277460272414 4.178592261707692e-5 2494.784932959452
-11.679960795618696 6.935254615551653e-5 0.0001297579363635568 4.2759241790042423e-5 2494.6636529806365
-11.633859294224402 7.096846402097308e-5 0.00013278200563205173 4.375523247898805e-5 2494.5395571831245
-11.58775663284993 7.262204458291738e-5 0.00013587659091285825 4.477442277136312e-5 2494.412580408577
-11.541652784475696 7.431416621290986e-5 0.000139043338342755 4.581735305535517e-5 2494.2826560011426
-11.495547721453248 7.604572779448025e-5 0.00014228393257314674 4.688457630639853e-5 2494.1497157735257
-11.44944141548972 7.781764920324385e-5 0.00014560009767565615 4.797665838038867e-5 2494.0136899723057
-11.403333837633149 7.963087179821566e-5 0.00014899359806496996 4.90941783137e-5 2493.8745072424954
-11.357224958257339 8.148635892535036e-5 0.00015246623944954382 5.02377286301936e-5 2493.732094591325
-11.311114747046373 8.338509643227977e-5 0.00015601986980642087 5.140791565537484e-5 2493.586377351233
-11.26500317297737 8.53280931955135e-5 0.0001596563803718582 5.260535983790504e-5 2493.43727914204
-11.218890204305357 8.731638165985876e-5 0.0001633777066606348 5.383069607853841e-5 2493.284721832311
-11.17277580854621 8.935101839075567e-5 0.00016718582950374437 5.5084574066759376e-5 2493.128625499867
-11.126659952458253 9.14330846395797e-5 0.00017108277612044306 5.636765862528925e-5 2492.968908391436
-11.080542602026478 9.356368692204602e-5 0.00017507062121003606 5.768063006253321e-5 2492.805486881436
-11.034423722442959 9.57439576108168e-5 0.0001791514880692935 5.902418453333169e-5 2492.638275429857
-10.988303278089392 9.797505554132048e-5 0.00018332754973486847 6.039903440804295e-5 2492.4671865392374
-10.942181232517623 0.00010025816663243965 0.00018760103015556774 6.180590865026759e-5 2492.292130710708
-10.89605754843 0.00010259450452187588 0.00019197420539699908 6.3245553203366e-5 2492.1130163990856
-10.849932187660846 0.00010498531121595527 0.00019644940486686891 6.471873138592876e-5 2491.9297499670115
-10.803805111155492 0.00010743185775567829 0.00020102901257434914 6.622622429651948e-5 2491.7422356380966
-10.757676278949063 0.00010993544489746145 0.00020571546841406739 6.776883122784127e-5 2491.5503754490596
-10.711545650146123 0.00011249740381087308 0.00021051126948824815 6.934737009050452e-5 2491.3540692008537
-10.66541318289837 0.00011511909679239113 0.00021541897145940873 7.096267784671539e-5 2491.153214408739
-10.619278834383174 0.00011780191799631279 0.00022044118992944087 7.26156109540188e-5 2490.9477062513047
-10.573142560780028 0.00012054729418266785 0.00022558060185620584 7.430704581943282e-5 2490.737437518392
-10.527004317247975 0.00012335668548293138 0.00023083994700029656 7.60378792641081e-5 2490.5222985579335
-10.480864057901183 0.00012623158618423245 0.0002362220294146405 7.780902899885867e-5 2490.302177221651
-10.434721735785834 0.00012917352553165398 0.00024172971896243894 7.962143411069711e-5 2490.0769588096273
-10.388577302853488 0.00013218406854980242 0.0002473659528740373 8.14760555608185e-5 2489.8465260136895
-10.342430709936814 0.00013526481688392626 0.00025313373733739096 8.337387669406838e-5 2489.6107588596306
-10.296281906723586 0.00013841740966058643 0.00025903614913177136 8.531590376032128e-5 2489.369534648205
-10.250130841729316 0.00014164352436947332 0.0002650763373029942 8.730316644803615e-5 2489.1227278949
-10.203977462270387 0.00014494487776546403 0.0002712575248712693 8.933671843019298e-5 2488.870210268454
-10.157821714435881 0.00014832322679262885 0.00027758301058542775 9.141763792297475e-5 2488.611850528104
-10.111663543059187 0.0001517803695296512 0.000284056170714259 9.354702825744355e-5 2488.3475144595277
-10.06550289168898 0.00015531814615843515 0.0002906804608887195 9.572601846453033e-5 2488.0770648094804
-10.019339702558785 0.00015893843995514338 0.00029745941798589457 9.795576387368499e-5 2487.8003612190714
-9.973173916556258 0.00016264317830533683 0.0003043966620547532 0.00010023744672545298 2487.51726015569
-9.92700547319273 0.00016643433374268597 0.0003114958982905897 0.00010257227679827174 2487.2276148435385
-9.880834310570183 0.0001703139250130349 0.0003187609190559708 0.00010496149204995753 2486.93127519275
-9.834660365349137 0.0001742840181636092 0.0003261956059572553 0.00010740635927405152 2486.628087727078
-9.788483572714444 0.00017834672765811905 0.0003338039319639858 0.00010990817477152248 2486.3178955101203
-9.742303866341262 0.00018250421751874366 0.000341589963583414 0.00011246826503806595 2486.0005380700663
-9.696121178359784 0.00018675870249498566 0.0003495578630823687 0.00011508798746743488 2485.6758513229347
-9.64993543931971 0.00019111244926077735 0.0003577118907698452 0.00011776873107112173 2485.3436674942886
-9.603746578152709 0.0001955677776403012 0.00036605640733634436 0.00012051191721487165 2485.0038150393852
-9.557554522135018 0.00020012706186305323 0.0003745958762426556 0.00012331900037229282 2484.656118561759
-9.511359196848943 0.00020479273184863687 0.00038333486617254454 0.00012619146889603528 2484.3003987301977
-9.465160526143505 0.00020956727452288315 0.00039227805353960713 0.00012913084580692846 2483.9364721941015
-9.418958432093813 0.00021445323516513948 0.00040143022506344795 0.00013213868960152198 2483.56415149718
-9.37275283496017 0.0002194532187882565 0.0004107962804059225 0.00013521659507839345 2483.183244989492
-9.326543653145038 0.00022456989155137283 0.00042038123486819217 0.00013836619418378327 2482.7935567377767
-9.280330803150393 0.00022980598220685743 0.0004301902221568599 0.00014158915687683128 2482.3948864340746
-9.234114199533604 0.00023516428358184721 0.0004402284972152523 0.0001448871920150019 2481.987029302604
-9.187893754861483 0.00024064765409597495 0.00045050143913152635 0.00014826204826018597 2481.5697760048665
-9.14166937966438 0.00024625901931497424 0.00046101455411202047 0.00015171551500583468 2481.1429125429704
-9.095440982388475 0.0002520013735423302 0.00047177347852935594 0.00015524942332573844 2480.7062201611407
-9.049208469347604 0.000257877781448975 0.0004827839820432867 0.00015886564694485904 2480.2594752453983
-9.002971744673363 0.00026389137974245345 0.0004940519708013434 0.00016256610323281962 2479.8024492213804
-8.95673071026413 0.0002700453788765702 0.0005055834907228743 0.0001663527542205312 2479.3349084502856
-8.910485265733257 0.00027634306480244945 0.0005173847308567789 0.00017022760764047186 2478.856614122926
-8.864235308355836 0.00028278780076165024 0.0005294620268270286 0.00017419271799121283 2478.3673221518566
-8.81798073301411 0.0002893830291230696 0.0005418218643588831 0.00017825018762675172 2477.8667830615673
-8.771721432142002 0.00029613227326446493 0.0005544708828984671 0.00018240216787118513 2477.354741876725
-8.725457295667766 0.0003030391394995048 0.0005674158793237202 0.00018665086015939636 2476.8309380084293
-8.679188210955585 0.00031010731905187444 0.000580663811741159 0.00019099851720429052 2476.295105138482
-8.63291406274638 0.0003173405900772141 0.0005942218033825915 0.00019544744419116355 2475.7469711016515
-8.586634733096115 0.0003247428197347011 0.000608097146594236 0.00019999999999999575 2475.1862577658976
-8.540350101313404 0.00033231796630869896 0.0006222973069323574 0.00020465859845614887 2474.612680910563
-8.49406004389582 0.0003400700813827581 0.0006368299273609963 0.00020942570961017816 2474.025950102515
-8.447764434464045 0.0003480033120663988 0.0006517028325496114 0.00021430386104752232 2473.4257685702064
-8.401463143695086 0.0003561219032766697 0.0006669240332840564 0.0002192956392286405 2472.811833075666
-8.355156039253625 0.0003644302000755411 0.000682501730983996 0.00022440369086039526 2472.1838337843947
-8.308842985721837 0.0003729326500646745 0.0006984443223412237 0.00022963072429937447 2471.54145413316
-8.262523844527502 0.000381633805839161 0.0007147604040734794 0.00023497951098790714 2470.8843706956895
-8.216198473870845 0.00039053832750156353 0.0007314587777946043 0.00024045288692348344 2470.2122530462448
-8.169866728649021 0.0003996509852380248 0.000748548455012376 0.0002460537541624763 2469.524763621085
-8.123528460379344 0.0004089766619578371 0.0007660386622503041 0.0002517850823588308 2468.8215575778004
-8.077183517120455 0.0004185203559986276 0.0007839388463060419 0.0002576499103386265 2468.102282652538
-8.030831743391964 0.00042828718389778634 0.0008022586796415481 0.00026365134771127785 2467.366579015099
-7.984472980091705 0.0004382823832335675 0.0008210080659083828 0.00026979257651833067 2466.6140791219245
-7.938107064411728 0.00044851131553597735 0.0008401971456180207 0.0002760768529205748 2465.8444075669745
-7.891733829751654 0.0004589794692704512 0.0008598363019551243 0.00028250750892454767 2465.057180930504
-7.845353105630537 0.0004696924628958339 0.0008799361667466576 0.0002890879541491831 2464.252007625748
-7.798964717596389 0.00048065604799857716 0.0009005076265821873 0.0002958216776336453 2463.428487743539
-7.752568487133834 0.000491876112505436 0.0009215618290902966 0.00030271224968724474 2462.5862128948584
-7.706164231569236 0.0005033586839763687 0.0009431101893806987 0.00030976332378249263 2461.724766051353
-7.659751763973818 0.000515109932980648 0.0009651643966517834 0.00031697863849222685 2460.8437213838347
-7.6133308930649815 0.0005271361765569162 0.000987736420975129 0.0003243620194717867 2459.9426440988004
-7.566901423104305 0.0005394438817614412 0.0010108385202563554 0.00033191738148751425 2459.0210902729777
-7.5204631537942 0.000552039669304857 0.001034483247374003 0.0003396487304923479 2458.0786066859646
-7.474015880171445 0.0005649303172819592 0.0010586834575111062 0.0003475601657498739 2457.1147306509733
-7.42755939249864 0.0005781227649949893 0.0010834523156755941 0.0003556558820077882 2456.128989843735
-7.381093476153092 0.000591624116874658 0.001108803304425065 0.00036394017172199257 2455.1209021296104
-7.33461791151268 0.0006054416465007337 0.0011347502317955007 0.00037241742733256977 2454.0899753889516
-7.288132473839775 0.0006195828007250326 0.0011613072394357194 0.0003810921435926495 2453.035707340784
-7.241636933161924 0.0006340552039000512 0.0011884888109642867 0.00038996891995161324 2451.957585364859
-7.195131054149966 0.0006488666622157945 0.0012163097805444392 0.0003990524629937742 2450.855086322153
-7.148614595993092 0.0006640251681480571 0.0012447853416947677 0.0004083475889339017 2449.7276763738737
-7.102087312271358 0.0006795389050208321 0.0012739310563363358 0.00041785922617080477 2448.574810799074
-7.05554895082496 0.0006954162516870215 0.0013037628640795115 0.00042759241790045087 2447.3959338109385
-7.008999253620642 0.0007116657873299341 0.0013342970917666927 0.0004375523247899071 2446.190478371848
-6.962437956614564 0.0007282962963893949 0.0013655504632697196 0.00044774422771366674 2444.9578660073053
-6.915864789612696 0.0007453167736159402 0.0013975401095575322 0.0004581735305535517 2443.6975066188593
-6.869279476127276 0.0007627364292568212 0.0014302835790410053 0.0004688457630639853 2442.4087982961
-6.822681733230414 0.0007805646943775442 0.0014637988481979098 0.0004797665838038956 2441.0911271278856
-6.776071271403856 0.0007988112263231701 0.0014981043324906057 0.0004909417831370089 2439.7438670128968
-6.729447794385732 0.0008174859143232876 0.001533218897586147 0.0005023772863019183 2438.366379469694
-6.682810999013258 0.0008365988852446723 0.001569161870885755 0.000514079156553775 2436.9580134463877
-6.636160575062117 0.000856160509496026 0.001605953053378191 0.000526053598379077 2435.5181051301056
-6.589496205081922 0.0008761814070899228 0.0016436127318240404 0.0005383069607853841 2434.045977756412
-6.5428175642279465 0.0008966724538658733 0.0016821616912767263 0.0005508457406676292 2432.540941418865
-6.496124320088781 0.000917644787879509 0.0017216212279609721 0.0005636765862528925 2431.0022928788753
-6.449416132510278 0.0009391098159635662 0.001762013162509811 0.0005768063006253233 2429.429315376113
-6.4026926534149915 0.0009610792204647834 0.0018033598535805277 0.0005902418453332814 2427.8212784396096
-6.355953526617771 0.0009835649661628972 0.0018456842118588306 0.0006039903440804028 2426.177437699833
-6.309198387636766 0.0010065793073768157 0.0018890097144617312 0.0006180590865027203 2424.4970347019357
-6.262426863500338 0.0010301347952644704 0.001933360419751214 0.0006324555320336778 2422.779296720444
-6.2156385725491985 0.0010542442853213043 0.0019787609825789856 0.0006471873138592521 2421.0234365756314
-6.168833124233997 0.0010789209450845093 0.002025236669967741 0.0006622622429651859 2419.228652451855
-6.122010118908468 0.0011041782620488075 0.002072813377251374 0.0006776883122784038 2417.3941277181666
-6.075169147617252 0.0011300300518008162 0.0021215176446869244 0.0006934737009050629 2415.5190307514554
-6.028309791879257 0.0011564904663789886 0.00217137667455163 0.000709626778467154 2413.6025147624923
-5.981431623465724 0.0011835740028658564 0.0022224183487413317 0.0007261561095402058 2411.6437176251725
-5.934534204173142 0.0012112955122207103 0.002274671246894055 0.0007430704581943459 2409.641761709323
-5.887617085590916 0.0012396702083599651 0.002328164665046545 0.0007603787926411254 2407.5957537174463
-5.840679808863674 0.0012687136774934382 0.002382928634851915 0.00077809028998856 2405.504784525777
-5.79372190444786 0.001298441887724707 0.002438993943372917 0.0007962143411069977 2403.3679290300574
-5.746742891862917 0.001328871198924644 0.0024963921534716057 0.0008147605556082293 2401.1842459964596
-5.699742279436414 0.0013600183728869294 0.0025551556248134093 0.0008337387669406748 2398.9527779180844
-5.652719564043414 0.0013919005837748917 0.002615317535514777 0.0008531590376031861 2396.672550877509
-5.605674230839671 0.0014245354288696642 0.002676911904448558 0.0008730316644803349 2394.342574415856
-5.55860575298871 0.0014579409396295085 0.0027399736142366166 0.0008933671843019298 2391.9618414088923
-5.511513591382451 0.001492135593071174 0.002804538434953496 0.0009141763792297475 2389.529327950676
-5.464397194355325 0.0015271383234839349 0.0028706430485654125 0.0009354702825744 2387.0439932452896
-5.417255997391907 0.0015629685344881901 0.0029383250741313463 0.0009572601846452766 2384.504779507256
-5.3700894228274425 0.001599646111450674 0.003007623093792904 0.0009795576387368944 2381.9106118711766
-5.322896879541676 0.0016371914342675625 0.0030785766795874215 0.0010023744672545477 2379.260398311259
-5.275677762645399 0.0016756253905302729 0.003151226421107036 0.0010257227679827264 2376.553029571337
-5.228431453159663 0.0017149693890856675 0.003225613954041433 0.0010496149204995487 2373.7873791060497
-5.18115731768774 0.0017552453740057596 0.0033017819896349523 0.0010740635927405063 2370.962303033887
-5.133854708079118 0.0017964758389808556 0.0033797743450929055 0.0010990817477152515 2368.076640102778
-5.086522961085976 0.0018386838421524554 0.003459635974972646 0.0011246826503806952 2365.1292116689974
-5.03916139801141 0.001881893021400566 0.0035414130035961444 0.0011508798746743133 2362.1188216901187
-4.9917693243496775 0.0019261276101030184 0.0036251527585249212 0.0011776873107111818 2359.044256732838
-4.9443460294179244 0.001971412453383429 0.0037109038051387545 0.0012051191721487164 2355.904285996456
-4.896890785979334 0.0020177730248665095 0.0037987159823579804 0.0012331900037229637 2352.6976613528755
-4.849402849857578 0.0020652354439588054 0.0038886404395568437 0.0012619146889603884 2349.4231174039833
-4.801881459542253 0.002113826493675339 0.003980729674714208 0.0012913084580693113 2346.079371557321
-4.754325835785076 0.002163573639031984 0.004075037573849548 0.0013213868960151932 2342.6651241209497
-4.7067351811867635 0.0022145050460257156 0.004171619451795823 0.0013521659507839611 2339.1790584184882
-4.659108679774176 0.0022666496012244473 0.004270532094362436 0.001383661941837877 2335.619840925281
-4.61144549656778 0.0023200369319905582 0.004371833801943468 0.0014158915687682771 2331.9861214267253
-4.563744777138811 0.002374697427362333 0.004475584434630866 0.0014488719201499833 2328.276533199766
-4.516005647156344 0.002430662259618062 0.004581845458893572 0.001482620482601833 2324.489693218648
-4.468227211923638 0.0024879634065508604 0.004690679995884823 0.0015171551500583647 2320.6242023859904
-4.420408555903801 0.002546633674481389 0.00480215287144607 0.0015524942332573843 2316.6786457903136
-4.372548742234361 0.0026067067220373577 0.00491633066787719 0.001588656469448564 2312.65159299115
-4.324646812230504 0.002668217084730912 0.005033281777546184 0.0016256610323281961 2308.541598332899
-4.276701784876767 0.002731200200365594 0.005153076458414942 0.0016635275422053387 2304.3472012886245
-4.228712656306909 0.002795692435305975 0.005275786891561452 0.001702276076404754 2300.0669268350025
-4.180678399271656 0.0028617311116452015 0.005401487240782635 0.0017419271799121638 2295.6992858596477
-4.132597962594012 0.002929354535307004 0.0055302537143661745 0.0017825018762674906 2291.2427756020766
-4.084470270611919 0.002998602025119729 0.005662164629123066 0.0018240216787118158 2286.6958801295787
-4.036294222607927 0.003069513942903105 0.005797300476778379 0.0018665086015939815 2282.0570708492924
-3.9880686922256032 0.003142131724608994 0.005935743992820959 0.0019099851720428696 2277.324807057785
-3.939792526872286 0.003216497912560547 0.006077580227918993 0.001954474441911618 2272.497536529459
-3.89146454710798 0.0032926561888340054 0.006222896622012171 0.0020000000000000018 2267.573696145125
-3.8430835460200274 0.0033706514098332443 0.006371783081197807 0.0020465859845615066 2262.5517125620777
-3.7946482885831303 0.0034505296421053918 0.006524332057532998 0.0020942570961017992 2257.430002927026
-3.746157511004577 0.0035323381994508294 0.006680638631880972 0.002143038610475214 2252.206975633234
-3.6976099200541404 0.0036161256813824856 0.006840800599937141 0.0021929563922863694 2246.881031123227
-3.649004192378382 0.0037019420129915876 0.007004918561575005 0.0022440369086039256 2241.450562738418
-3.600338973799011 0.0037898384862806505 0.007173096013661285 0.0022963072429937627 2235.9139576170087
-3.551612878594859 0.0038798678030260445 0.0073454394464943715 0.0023497951098790625 2230.269597641488
-3.5028244887671938 0.003972084119236869 0.007522058444030384 0.0024045288692348256 2224.5158604370868
-3.4539723532878153 0.004066543091278702 0.007703065788067381 0.0024605375416247633 2218.6511204224576
-3.405054987329756 0.0041633019237349396 0.007888577566567136 0.0025178508235883345 2212.673749913909
-3.3560708714799814 0.004262419419081154 0.008078713286303902 0.002576499103386265 2206.582120284426
-3.3070184509337706 0.004363956029252383 0.008273595990036802 0.002636513477112814 2200.3746031787196
-3.257896134670365 0.004467973909185531 0.008473352378414891 0.002697925765183307 2194.049571785498
-3.2087022946093633 0.004574536972424759 0.008678112936831687 0.002760768529205766 2187.6054021681007
-3.15943526474749 0.00468371094888063 0.008888012067459742 0.0028250750892455123 2181.040474654603
-3.110093340275293 0.004795563444837865 0.009103188226703895 0.0028908795414918577 2174.3531752884387
-3.060674776673184 0.004910164005312267 0.009323784068327559 0.0029582167763364175 2167.5418973405017
-3.011177788786508 0.005027584178861102 0.009549946592516128 0.003027122496872412 2160.60504288367
-2.9616005498789972 0.005147897584955811 0.009781827301156808 0.003097633237824962 2153.5410244305567
-2.9119411906642543 0.005271179984033 0.010019582359626772 0.0031697863849222243 2146.3482666352675
-2.862197798314591 0.005397509350341927 0.010263372765398175 0.0032436201947178577 2139.025208059792
-2.8123684154468434 0.005526965947715311 0.010513364523782572 0.0033191738148751248 2131.5703030056134
-2.762451039084547 0.005659632408394429 0.010769728831153956 0.003396487304923488 2123.982023410968
-2.7124436195959043 0.005795593815045574 0.011032642266008036 0.003475601657498748 2116.25886081408
-2.662344059607066 0.0059349377861131255 0.01130228698823143 0.0035565588200778464 2108.399328382589
-2.612150212890078 0.006077754564658564 0.0115788509469761 0.00363940171721997 2100.401963009216
-2.561859883224911 0.006224137110844178 0.011862528097552337 0.0037241742733257334 2092.26532747359
-2.5114708232349914 0.00637418119822599 0.012153518627776316 0.0038109214359264955 2083.9880126699927
-2.460980733195633 0.00652798551402885 0.012452029194229462 0.0038996891995160877 2075.5686399006204
-2.4103872598146667 0.006685651763582949 0.012758273168911217 0.00399052462993776 2067.005863233759
-2.359687994984719 0.006847284779113463 0.013072470896791264 0.004083475889339061 2058.298371926121
-2.3088804745063864 0.00701299263307968 0.013394849964793502 0.004178592261708083 2049.444892908346
-2.2579621767816884 0.007182886756268503 0.013725645482770362 0.004275924179004464 2040.4441933325015
-2.2069305214770747 0.007357082060862613 0.014065100377057745 0.004375523247899107 2031.2950831801736
-2.1557828681553173 0.00753569706870753 0.014413465697228825 0.004477442277136676 2021.9964179295148
-2.104516514875493 0.007718854045016339 0.014771000936699136 0.004581735305535544 2012.5471012793685
-2.0531286967603957 0.007906679137753623 0.015137974367866052 0.004688457630639844 2002.9460879283572
-2.001616584530557 0.008099302522966161 0.015514663392506683 0.004797665838038982 1993.1923864065325
-1.9499772830041224 0.008296858556323257 0.01590135490819005 0.004909417831370062 1983.2850619569322
-1.8982078295617857 0.00849948593115396 0.016298345691503395 0.005023772863019165 1973.2232394641019
-1.8463051925759757 0.008707327843280621 0.016705942798935954 0.0051407915655377326 1963.0061064263482
-1.7942662698034462 0.008920532162953564 0.01712446398630299 0.005260535983790762 1952.6329159681893
-1.742087886740411 0.009139251614206196 0.017554238147638825 0.005383069607853832 1942.1029898891588
-1.6897667949394073 0.009363643961977851 0.017995605774544274 0.0055084574066763285 1931.4157217448212
-1.6372996702868954 0.009593872207349762 0.018448919437017028 0.005636765862528908 1920.5705799554914
-1.5846831112407984 0.00983010479127894 0.01891454428686476 0.0057680630062532144 1909.5671109378848
-1.5319136370269413 0.010072515807197025 0.01939285858483291 0.005902418453332769 1898.404942254528
-1.478987685793498 0.01032128522288846 0.019884254252662995 0.006039903440804029 1887.083785775464
-1.4259016127224569 0.010576599112061113 0.020389137451344404 0.006180590865027185 1875.6034408464332
-1.3726516880970978 0.010838649896075723 0.020907929186924162 0.00632455532033676 1863.9637974573625
-1.3192340953244273 0.011107636596269538 0.021441065945267998 0.006471873138592566 1852.1648394046526
-1.2656449289115828 0.011383765097361732 0.02198900035726616 0.0066226224296518236 1840.2066474404276
-1.2118801923950921 0.011667248422442173 0.02255220189605103 0.006776883122784048 1828.0894024015447
-1.1579357962218824 0.011958307020104772 0.023131157607921282 0.006934737009050629 1815.8133883108499
-1.1038075555809552 0.012257169064226869 0.023726372878673782 0.0070962677846715125 1803.3789954428212
-1.0494911881845508 0.012564070766988946 0.02433837223720396 0.007261561095402023 1790.786723345431
-0.9949823119975973 0.012879256705758468 0.02496770019834409 0.007430704581943451 1778.03718380972
-0.9402764429143269 0.013202980164458276 0.02561492214699012 0.007603787926411227 1765.1311037783257
-0.8853689923807284 0.013535503490046927 0.026280625265653647 0.007780902899885609 1752.06932818386
-0.830255264961631 0.01387709846483759 0.026965419507767565 0.007962143411069942 1738.852822707801
-0.7749304558511327 0.014228046695395768 0.02766993861919655 0.008147605556082259 1725.482676450308
-0.7193896483250284 0.014588640018698595 0.02839484121043184 0.008337387669406712 1711.9601045011123
-0.663627811133892 0.014959180926403014 0.02914081188223493 0.008531590376031852 1698.2864504014528
-0.6076397958354369 0.01533998300807527 0.029908562407630988 0.008730316644803322 1684.4631884868288
-0.5514203340647597 0.01573137141415018 0.030698832973163358 0.008933671843019263 1670.4919261001958
-0.4949640347409665 0.016133683339623034 0.03151239348271869 0.0091417637922975 1656.3744056650874
-0.4382653812087627 0.016547268529410082 0.03235004492730892 0.009354702825743964 1642.112506608077
-0.3813187283134418 0.01697248980628449 0.03321262082428169 0.009572601846452767 1627.708247119916
-0.3241182994077523 0.01740972362258206 0.034100988729948385 0.009795576387368925 1613.1637857446779
-0.2666581832890471 0.01785936063664205 0.03501605182950562 0.01002374467254544 1598.4814227862507
-0.2089323310650717 0.018321806315159995 0.035958750608541916 0.0102572276798273 1583.6636015215886
-0.15093455294678382 0.018797481562758383 0.0369300646107996 0.010496149204995451 1568.7129092102418
-0.09265851496642297 0.0192868233798418 0.037931014286733546 0.010740635927405054 1553.6320778898228
-0.03409773561917051 0.019790285550277724 0.03896266293823606 0.010990817477152488 1538.4239849472992
0.024754417573436438 0.020308339360141675 0.04002611876474555 0.011246826503806985 1523.0916534562266
0.0839047315801249 0.020841474349032784 0.041122537016519474 0.01150879874674314 1507.638252270359
0.14336015145843817 0.021390199095586128 0.04225312226130955 0.011776873107111783 1492.0670958644234
0.2031277840370871 0.02195504203859518 0.04341913077062901 0.012051191721487156 1476.381643913265
0.2632149016840928 0.022536552335730847 0.04462187303290679 0.012331900037229646 1460.5855006010336
0.32362894616268445 0.023135300761329258 0.045862716400417704 0.012619146889603866 1444.6824136526063
0.384377532577028 0.023751880645440093 0.047143087878215646 0.012913084580693113 1428.676273080022
0.4454684534098492 0.024386908855865152 0.048464477063027894 0.013213868960151922 1412.571109637346
0.5069096826541144 0.025041026825469707 0.049828439241213496 0.01352165950783963 1396.3710929780648
0.5687093800409522 0.025714901626856683 0.051236598655069 0.013836619418378736 1380.08052950987
0.630875895366033 0.026409227096788956 0.052690651947595646 0.014158915687682754 1363.7038599424875
0.6934177729167659 0.027124725012812028 0.054192371796470455 0.014488719201499798 1347.2456565250516
0.7563437560025745 0.02786214632464679 0.055743610748603185 0.014826204826018348 1330.710619970459
0.8196627915907218 0.028622272443148418 0.05734630526760627 0.015171551500583674 1314.103576065047
0.883384035050111 0.02940591658967087 0.059002480007113424 0.015524942332573835 1297.4294719629797
0.9475168550055817 0.030213925208974514 0.060714252324036905 0.01588656469448563 1280.6933721657351
1.012070838305281 0.031047179448870085 0.062483837046566224 0.01625661032328199 1263.9004541881866
1.0770557951037334 0.031906596710082814 0.06431355151297505 0.01663527542205342 1247.0560039138684
1.1424817640633198 0.03279313226998421 0.06620582089828805 0.01702276076404753 1230.1654106431695
1.2083590176769043 0.033707780984014786 0.06816318384707684 0.017419271799121613 1213.2341618393639
1.2746980677144508 0.03465157906903071 0.07018829843215979 0.017825018762674914 1196.2678375785688
1.341509670796495 0.035625605972731414 0.07228394845994324 0.018240216787118194 1179.2721047109337
1.408804834097458 0.0366309863341063 0.07445305014541499 0.018665086015939823 1162.252710741562
1.476594821181784 0.03766889203945932 0.07669865918042038 0.01909985172042872 1145.2154774408898
1.5448911579760392 0.038740544379685486 0.07902397822189972 0.019544744419116213 1128.1662941954453
1.6137056388801094 0.03984721631396092 0.08143236482731404 0.02 1111.111111111111
1.6830503330207442 0.04099023484619804 0.08392733986795169 0.02046585984561508 1094.0559318821931
1.752937590650771 0.0421709835203022 0.08651259645184653 0.02094257096101799 1077.0068064407455
1.8233800496973578 0.04339090504122685 0.08919200939145756 0.021430386104752123 1059.9698234017271
1.8943906424628183 0.04465150402897518 0.09196964525331276 0.0219295639228637 1042.951102320638
1.965982602481477 0.04595434991323872 0.09484977302987056 0.022440369086039268 1025.9567857813286
2.0381694715362784 0.047301079977138685 0.09783687547730294 0.022963072429937663 1008.9930313326377
2.1109651068388056 0.048693402558617906 0.10093566116551388 0.02349795109879059 992.0660032934525
2.184383688376569 0.050133100419355626 0.10415107729154512 0.024045288692348257 975.1818644466133
2.258439726431419 0.051622034290941386 0.10748832331013052 0.024605375416247632 958.3467676428817
2.333148069273086 0.05316214660965188 0.11095286544103226 0.025178508235883346 941.5668473368722
2.408523911031934 0.054755465451091966 0.11455045211594637 0.025764991033862684 924.8482110774617
2.484582799755087 0.0564041086777033 0.11828713043449338 0.026365134771128142 908.1969309757119
2.561340645650214 0.05811028831221238 0.122169263702805 0.026979257651833066 891.6190351737537
2.6388137295213268 0.05987631515198939 0.12620355013591256 0.027607685292057697 875.1204993384097
2.7170187114010775 0.06170460363951282 0.13039704281014639 0.028250750892455087 858.7072382035444
2.7959726393841313 0.06359767700621288 0.13475717096054815 0.02890879541491855 842.3850971852347
2.8756929586662925 0.06555817270748487 0.13929176272472352 0.02958216776336415 826.15984409386
2.956197520794174 0.06758884816869909 0.14400906944419956 0.030271224968724166 810.0371609670908
3.037504593130329 0.0696925868632963 0.1489177916431762 0.030976332378249635 794.0226360475289
3.119632868538842 0.07187240474565966 0.15402710681453002 0.031697863849222276 778.121755928416
3.202601475296538 0.07413145706368877 0.15934669915474842 0.0324362019471786 762.3398978903682
3.28642998723505 0.07647304557758404 0.1648867914007685 0.03319173814875121 746.6823224515414
3.3711384341191146 0.0789006262137433 0.17065817893524907 0.03396487304923489 731.15416615295
3.456747312266627 0.0814178171851579 0.17667226634137048 0.03475601657498751 715.76043459989
3.543277595416055 0.0840284076121445 0.18294110660366134 0.03556558820077846 700.5059957795345
3.630750745846996 0.08673636668010982 0.1894774431685157 0.036394017172199665 685.3955736737948
3.7191887257597616 0.08954585337429985 0.19629475509703867 0.03724174273325735 670.4337421854649
3.8086140089200224 0.09246122683478909 0.20340730556310682 0.03810921435926495 655.624919394516
3.8990495925747006 0.09548705737869959 0.2108301939719023 0.038996891995160904 640.9733621601639
3.990519009645417 0.09862813824072417 0.21857941199856093 0.0399052462993776 626.4831610830255
4.0830463412059474 0.10188949808745769 0.22667190387319797 0.040834758893390596 612.1582358403037
4.176656229250338 0.10527641436594667 0.2351256312677361 0.04178592261708079 598.0023309055018
4.2713738897584115 0.10879442755215002 0.24395964317166155 0.042759241790044644 584.0190116626894
4.3672251260656125 0.11244935637084463 0.25319415117858535 0.04375523247899105 570.2116609238153
4.46423634254428 0.11624731406486567 0.2628506106433902 0.04477442277136678 556.583475856007
4.562434558603595 0.12019472579854829 0.272951808211157 0.045817353055355454 543.1374653242178
4.661847423015625 0.12429834728785076 0.2835219562642881 0.04688457630639844 529.8764476529938
4.762503228575074 0.12856528475798457 0.2945867948836354 0.04797665838038981 516.8030488095329
4.864430927100495 0.13300301633849 0.306173701973339 0.0490941783137006 503.9197010086232
4.967660144784927 0.1376194150156795 0.31831181225795047 0.05023772863019161 491.22864173846864
5.07222119790409 0.1424227732732799 0.3310321459246328 0.05140791565537727 478.7319132048634
5.178145108890489 0.1474218295640455 0.3443677477533028 0.052605359837907636 466.43136218964673
5.285463622781903 0.1526257967681679 0.35835383765402007 0.053830696078538305 454.3286403179041
5.394209224053035 0.1580443928085421 0.37302797361419715 0.055084574066763314 442.42520472693593
5.504415153839204 0.16368787360856457 0.3884302281490485 0.05636765862528908 430.7223191286498
5.616115427561237 0.16956706859516993 0.40460337944763586 0.05768063006253211 419.22105525571277
5.729344852960898 0.17569341896841736 0.4215931185145526 0.059024184533327716 407.9222946805584
5.844139048556409 0.18207901897927126 0.4394482737245448 0.06039903440804032 396.82673099517655
5.960534462527865 0.1887366604792349 0.4582210543345739 0.06180590865027181 385.9348723385194
6.078568392042535 0.19567988102977735 0.47796731463652187 0.0632455532033676 375.2470442573562
6.1982790030303185 0.2029230158859574 0.4987468405843342 0.06471873138592565 364.76339288549116
6.319705350419829 0.21048125419715108 0.5206236608922704 0.06622622429651823 354.48388842543034
6.442887398845824 0.2183706997987848 0.5436663847773625 0.06776883122784051 344.40832891585717
6.567866043838995 0.22660843700366462 0.5679485687119853 0.06934737009050633 334.53634426763074
6.694683133509315 0.23521260183784354 0.5935491147585437 0.07096267784671512 324.867400550488
6.823381490734455 0.24420245920573658 0.6205527032816361 0.07261561095402028 315.40080451218165
6.954004935865046 0.25359848651401645 0.6490502630766843 0.07430704581943451 306.1357083114368
7.086598309958813 0.2634224643291107 0.6791394822110218 0.07603787926411222 297.07111444586116
7.221207498555888 0.2736975746956345 0.7109253631557987 0.07780902899885611 288.2058808557776
7.357879456007937 0.28444850779758346 0.7445208260861509 0.07962143411069945 279.5387261848841
7.496662230373972 0.2957015777030215 0.78004736454806 0.08147605556082255 271.06823517866377
7.637604988896079 0.3074848479987744 0.817635758036824 0.08337387669406708 262.79286420157354
7.780758044068534 0.31982826818795973 0.857426846394745 0.08531590376031854 254.71094685423043
7.926172880314148 0.33276382180039593 0.8995723713307011 0.08730316644803321 246.82069967207582
8.073902181282001 0.3463256872416431 0.9442358907721318 0.08933671843019264 239.12022788733714
8.223999857781001 0.36055041249478126 0.9915937722025351 0.09141763792297501 231.6075312365173
8.376521076364114 0.37547710487589536 1.0418362715919018 0.09354702825743966 224.28050979610802
8.531522288578396 0.39114763714302847 1.0951687050134076 0.09572601846452768 217.13696982975628
8.689061260896354 0.40760687135830137 1.1518127205391757 0.09795576387368923 210.1746296306935
8.849197105344494 0.42490290201030356 1.2120076785277218 0.10023744672545444 203.39112534386857
9.011990310845302 0.4430873200184765 1.2760121489539555 0.10257227679827297 196.78401675289876
9.17750277528926 0.46221549935537637 1.3441055349722177 0.10496149204995452 190.3507930176603
9.345797838353942 0.48234690815032644 1.4165898324618165 0.10740635927405054 184.08887834908268
9.516940315087542 0.503545446260076 1.493791535847301 0.10990817477152492 177.99563760847792
9.690996530274669 0.5258798114247331 1.5760637010293292 0.11246826503806982 172.06838181952165
9.868034353602628 0.5494238962600998 1.663788176783074 0.11508798746743139 166.30437358180717
10.048123235646829 0.5742572184665221 1.757378016461114 0.1177687310711178 160.70083237570702
10.2313342446944 0.6004653867709734 1.8572800822826294 0.12051191721487158 155.25493974909477
10.417740104425524 0.6281406052444038 1.9639778548563291 0.12331900037229644 149.96384437730177
10.607415232472517 0.6573822187573709 2.077994460861987 0.1261914688960387 144.82466698849834
10.80043577987702 0.6882973024541121 2.1998959319860747 0.12913084580693113 139.83450514750214
10.996879671466305 0.7210012982188382 2.33029470821423 0.1321386896015192 134.9904378918122
11.196826647170044 0.7556187011898069 2.469853398415652 0.13521659507839637 130.28953021445383
11.400358304299472 0.7922837994363302 2.619288810763351 0.13836619418378732 125.7288373889856
11.607558140811365 0.8311414699302161 2.7793762648463516 0.14158915687682758 121.30540913276602
11.818511599579768 0.8723480339343577 2.950954196328059 0.14488719201499803 117.01629360529981
12.033306113698922 0.9160721748663229 3.134929063590939 0.1482620482601835 112.85854123918301
12.252031152841468 0.9624959215613396 3.3322805639002695 0.15171551500583674 108.82920840183327
12.47477827069643 1.0118156996745704 3.544067164179773 0.15524942332573838 104.92536088683548
12.701641153512208 1.0642434536616001 3.7714319483435204 0.15886564694485633 101.14407723433978
12.932715669770266 1.1200078413906958 4.015608779230439 0.16256610323281986 97.4824518805296
13.168099921015864 1.179355502925037 4.27792876837993 0.16635275422053422 93.93759813672105
13.4078942938728 1.2425524043313774 4.559827040998573 0.17022760764047534 90.50665099916738
13.65220151326972 1.3098852565565113 4.862849776437267 0.1741927179912161 87.18676979112038
13.90112669690625 1.3816630083357506 5.188661495990759 0.17825018762674907 83.97514063914367
14.154777410987773 1.4582184108547902 5.539052559856712 0.18240216787118194 80.86897878608468
14.413263727258467 1.5399096503030372 5.915946823221892 0.18665086015939822 77.86553074348521
14.676698281362796 1.6271220426071726 6.321409387630518 0.19099851720428718 74.9620762865563
14.945196332566427 1.7202697824181994 6.757654367699496 0.19544744419116214 72.15593029515058
15.218875824868201 1.8197977357745345 7.227052574590068 0.2 69.44444444444444
15.497857449535623 1.9261832627855366 7.732138996244647 0.20465859845615084 66.82500874928753
15.782264709096959 2.0399380530710163 8.275619929899708 0.20942570961017992 64.29505296639378
16.07222398282391 2.1616099524856542 8.860379594500275 0.2143038610475213 61.8520478587347
16.367864593739576 2.2917847548260455 9.489486019148096 0.21929563922863704 59.49350632665315
16.66931887718724 2.4310879266513066 10.166195968280276 0.22440369086039272 57.21698441034856
16.976722250996314 2.5801862269926774 10.89395862469163 0.2296307242993766 55.02008216848894
17.290213287282665 2.739789176519253 11.676417707594222 0.23497951098790595 52.90044443778698
17.609933785921378 2.910650322576767 12.517411654483478 0.24045288692348263 50.85576147843523
17.936028849730945 3.0935682373841265 13.42097144265825 0.24605375416247635 48.88376951033198
18.268646961408685 3.289387176435097 14.391315568797358 0.2517850823588335 46.98225114504542
18.607940062258233 3.4989973128673375 15.432841643362652 0.25764991033862683 45.149035718460546
18.954063632750845 3.723334451091446 16.55011399116604 0.26365134771128146 43.38199952903327
19.307176774963185 3.963379109371734 17.74784658078475 0.26979257651833066 41.67906598653881
19.66744229693538 4.22015484629251 19.030880534725934 0.27607685292057693 40.03820567615022
20.035026798993954 4.494725690260104 20.404155400664084 0.2825075089245508 38.457436342618
20.410100762085566 4.7881925143954 21.872673293395042 0.2890879541491854 36.934822799243236
20.792838638168245 5.101688181612307 23.441454949839905 0.2958216776336414 35.468476766249346
21.183418942708133 5.436371266570907 25.115486678389157 0.3027122496872416 34.05655664305821
21.58202434933075 5.793418142887717 26.89965713282847 0.3097633237824962 32.69726721886992
21.98884178667695 6.174013205940625 28.79868280459266 0.3169786384922227 31.388859325830154
22.404062537514996 6.579336984418102 30.817021110690774 0.32436201947178595 30.12962943894826
22.82788234016119 7.010551878174992 32.958769964892056 0.33191738148751215 28.917919226802063
23.260501492262907 7.468785246911595 35.22755276445192 0.3396487304923489 27.75211505693408
23.702124956999096 7.9551095648545465 37.626387812873375 0.3475601657498751 26.630647459708467
24.152962471754453 8.470519352349449 40.157541341313596 0.3556558820077846 25.551990554259977
24.61322865932494 9.015904597716766 42.82236349879924 0.36394017172199666 24.5146614400263
25.083143141713663 9.592020393934337 45.621106968079324 0.37241742733257355 23.51721955721281
25.56293065657734 10.199452536730485 48.552728243027325 0.3810921435926495 22.55826601939751
26.0528211763852 10.83857886638386 51.61467209153185 0.3899689199516091 21.636442921340404
26.553050030353425 11.509526187569374 54.802640339571404 0.39905246299377595 20.75043262492061
27.063858029219805 12.212122673407254 58.1103468645742 0.40834758893390594 19.898957025982842
27.585491592924786 12.945845754937707 61.529261594356115 0.41785922617080795 19.080776804735784
28.118202881266594 13.70976561931746 65.04834738576332 0.4275924179004465 18.294690662207095
28.66224992759968 14.502484593074787 68.65379491565562 0.43755232478991063 17.539534545124535
29.217896775647432 15.322072874728711 72.32876216247926 0.447744227713668 16.814180861459874
29.785413619501647 16.16600130773022 76.05312668902026 0.4581735305535547 16.117537688742274
30.365076946883022 17.03107215340791 79.8032607466173 0.4688457630639845 15.448547977121349
30.957169685738574 17.91334913703917 83.55184118656544 0.47976658380389803 14.80618874903648
31.561981354253852 18.808088399816597 87.26770824841176 0.490941783137006 14.189470297229212
32.179808214359234 19.70967239519055 90.91578944059127 0.5023772863019159 13.597435382719711
32.81095342881195 20.611549217518597 94.45710685601549 0.5140791565537727 13.029158434255443
33.45572722193701 21.506180338682693 97.84888826463019 0.5260535983790763 12.483744750632486
34.11444704411223 22.38500024518943 101.044804055119 0.5383069607853831 11.960329707185112
34.78743774008462 23.238392000780216 103.99535338134538 0.5508457406676333 11.458077967639246
35.47503172120737 24.055683287348614 106.64842348508834 0.5636765862528906 10.976182702429027
36.17756914168878 24.825167974756585 108.95004585765406 0.5768063006253212 10.513864814483703
36.89539807894646 25.534158702978687 110.84537136498808 0.5902418453332772 10.070372173404046
37.62887471816265 26.169076285646465 112.27988335632523 0.6039903440804032 9.644978858863311
38.37836354113828 26.715581910305993 113.20086273723733 0.6180590865027182 9.236984413988086
39.144237519546046 27.158758055836493 113.55911163232687 0.6324555320336759 8.845713109398082
39.926878312684956 27.483343700206667 113.31093221649455 0.6471873138592565 8.470513218511924
40.726676469841124 27.674028673018405 112.42034422310398 0.6622622429651822 8.110756304657706
41.544031637362146 27.715810831126266 110.86150828850093 0.6776883122784051 7.765836520462448
42.37935277055494 27.594418014367715 108.62130254889658 0.6934737009050633 7.435169919933621
43.2330583505192 27.296794386579496 105.70197685204947 0.7096267784671509 7.118193783588678
44.105576606031676 26.811647709814643 102.12378294892007 0.7261561095402028 6.814365956934379
44.997345740598675 26.13005028214375 97.92745082552501 0.7430704581943453 6.523164202547257
45.90881416479742 25.24608166937071 93.17635212329988 0.7603787926411225 6.244085565959048
46.840440734029244 24.157496003840585 87.95816313643162 0.7780902899885613 5.976645755506737
47.79269499181079 22.866390600043033 82.38581456602628 0.7962143411069947 5.720378536265517
48.76605741873222 21.37984612218102 76.59749614751449 0.8147605556082256 5.474835138144549
49.76101968721437 19.710501813546152 70.7554752466409 0.8337387669406711 5.239583678189807
50.77808492219995 17.87702276573929 65.04349397770659 0.8531590376031851 5.014208597105257
51.81776796791716 15.904410411548422 59.66253424884888 0.8730316644803316 4.7983101099730705
52.88059566085676 13.824103061258997 54.82478947687732 0.8933671843019261 4.59150367112571
53.967107109107836 11.673811207105032 50.745760353399255 0.9141763792297499 4.393419453096661
55.07785397820003 9.497033459805015 47.634503871412704 0.9354702825743962 4.203701839553239
56.21340078360393 7.342204405250582 45.68221194154423 0.9572601846452766 4.022008932093266
57.374325190044594 5.261436443178665 45.049477612413966 0.9795576387368923 3.848012070767917
58.56121831778709 3.3088347671131424 45.852818394155705 1.0023744672545445 3.6813953681752767
59.77468505605623 1.5383888053356243 48.151257390374774 1.0257227679827297 3.5218552569533363
61.01534438375688 0.0014750183923444536 51.93399729047271 1.049614920499545 3.3691000504867663
62.28382969766478 1.2559556757376933 57.11043578812045 1.0740635927405056 3.2228495166291884
63.58078914826184 2.196387231073831 63.50393202463232 1.0990817477152492 3.082834464231394
64.90688598339418 2.7937795544478345 70.85080358163347 1.1246826503806981 2.948796342256094
66.26279889993485 3.036426185882793 78.80596886092276 1.1508798746743139 2.8204868512512475
67.64922240363794 2.9293722100778816 86.95640593740475 1.177687310711178 2.6976675669466297
69.06686717737469 2.4961038848540964 94.84313685249624 1.2051191721487156 2.5801095757320995
70.51646045794702 1.7792097095629198 101.99174009400204 1.2331900037229644 2.46759312177084
71.998746421678 0.8397282446989403 107.95044201493121 1.2619146889603865 2.359907265496645
73.51448657898412 0.24505067007177925 112.33367439228645 1.2913084580693113 2.256849553241056
75.06446017813805 1.385471028581667 114.86769194466484 1.3213868960151922 2.158225697733692
76.64946461843651 2.4850825503891465 115.43355869865088 1.3521659507839638 2.063849269217453
78.27031587299186 3.4477166278159554 114.1017336193275 1.3836619418378733 1.9735413969193456
79.92784892137189 4.185665516572997 111.15186485386288 1.4158915687682763 1.887130480617357
81.62291819231699 4.628328843745775 107.07152120299465 1.4488719201499805 1.8044519120441702
83.35639801676962 4.7304672408230735 102.52872509274847 1.4826204826018354 1.7253478058693383
85.12918309145608 4.479026926754387 98.31551425138605 1.5171551500583673 1.6496667400029505
86.94218895326676 3.8974159868352607 95.26341961468182 1.5524942332573832 1.5772635049656363
88.79635246468563 3.0461696576099984 94.13654912747168 1.5886564694485628 1.5079988620720515
90.69263231052727 2.0191789829373072 95.51345118276035 1.6256610323281981 1.4417393101775549
92.63200950624433 0.9350989139575638 99.67428454211068 1.6635275422053417 1.378356860740826
94.61548791807476 0.0758068004464147 106.51388988660771 1.7022760764047526 1.3177288209584042
96.64409479530507 0.8883323608027465 115.5027528804568 1.7419271799121612 1.2597375847306829
98.71888131493144 1.400606489662313 125.71517287729567 1.782501876267491 1.204270431222671
100.84092313900774 1.5513190982509928 135.9361554489988 1.8240216787118195 1.1512193307868213
103.01132098497575 1.3327613520873014 144.84538443294042 1.866508601593982 1.1004807580193883
105.23120120928013 0.7965481171636047 151.25913566234473 1.909985172042872 1.0519555117261012
107.50171640457748 0.049550429973191354 154.39184994356648 1.9544744419116213 1.0055485415773937
109.82404601085629 0.7610422920670548 154.0826686645017 2.0 0.9611687812379854
112.19939694079153 1.4725573425518703 150.92417808238878 2.0465859845615073 0.9187289877602716
114.62900421966602 1.938158706704684 146.2366501185281 2.094257096101799 0.8781455870356852
117.11413164019653 2.0589054131485898 141.85525370500866 2.143038610475212 0.8393385251029974
119.65607243261432 1.8092342168353017 139.74014168478794 2.19295639228637 0.8022311251172758
122.256149950352 1.2484561852643863 141.47405844492937 2.2440369086039262 0.7667499497881388
124.91571837170386 0.5127739760408943 147.76618839137683 2.2963072429937657 0.732824669100688
127.63616341782837 0.21361637200180644 158.1155440002723 2.349795109879058 0.7003879331374351
130.41890308747665 0.7441024019675532 170.78183357687118 2.4045288692348263 0.669375249824273
133.26538840883333 0.9416700240935084 183.15178892045435 2.4605375416247623 0.6397248674284272
136.17710420887187 0.7626971599494051 192.47464861780963 2.517850823588335 0.6113776616410014
139.15556990062836 0.27713843422997625 196.7948648560696 2.5764991033862676 0.5842770270815443
142.2023402888156 0.34579136782059916 195.7805053483697 2.6365134771128145 0.5583687730666463
145.31900639420007 0.8875334188400085 191.09489891576462 2.697925765183306 0.533601023489279
148.50719629718316 1.1537893214963895 186.04260257895893 2.7607685292057704 0.509924120660068
151.7685760010299 1.0479665424641484 184.45611095955945 2.825075089245508 0.48729053296624636
155.1048503152072 0.6152621184224782 189.12640257068796 2.8908795414918558 0.4656547662083828
158.517763759295 0.034034127086383585 200.39119849816564 2.9582167763364144 0.44497327847938944
162.00910148795504 0.45079387692444095 215.6059768357088 3.0271224968724177 0.42520439845450414
165.58069023744216 0.6319183412972427 229.9900977898262 3.0976332378249625 0.4063082469651819
169.23439929416534 0.4383719720588817 238.75160637352977 3.1697863849222285 0.38824666173386896
172.9721414858068 0.021052995110131745 239.64717457296018 3.2436201947178596 0.3709831251506881
176.79587419552982 0.5013512982756423 234.61978225196523 3.3191738148751226 0.35448269497693136
180.707600399808 0.7426373206829002 229.30121559302617 3.3964873049234887 0.33871193786413367
184.70936973043106 0.6134731210699708 230.14873737558253 3.4756016574987525 0.32363886558118843
188.8032795612456 0.19518953545197845 240.47804756576795 3.5565588200778455 0.3092328738456564
192.99147612021147 0.25431148715205015 257.80049145402046 3.6394017172199655 0.2954646836589327
197.27615562735983 0.4533149084658245 274.67241091967986 3.724174273325735 0.28230628504842936
201.6595654592576 0.28151439219644786 283.314146345211 3.8109214359264927 0.2697308831232835
206.1440053405974 0.1271160949399123 281.4023763454743 3.899689199516091 0.25771284635337766
210.7318285635406 0.46626922843008783 274.7021673409725 3.9905246299377577 0.24622765698466575
215.42544323546556 0.4785833774316363 273.56115002221344 4.083475889339059 0.23525186350686653
220.22731355577636 0.16123643876537258 284.7818714079899 4.1785922617080775 0.22476303509262816
225.13996112245562 0.21757271272495743 305.0694133885539 4.275924179004465 0.21473971793015284
230.16596626904743 0.3340918694685684 322.60516242996795 4.375523247899103 0.205161393374139
235.30796943278614 0.09608294740069244 327.19781927271686 4.477442277136681 0.19600843784261268
240.56867255458926 0.25879926066657233 320.7528580436452 4.5817353055355445 0.18726208438991437
245.95084051166415 0.3776455851881849 317.02313850657345 4.688457630639845 0.1789043858886587
251.45730258348075 0.14509795370068768 328.3282353692608 4.79766583803898 0.17091817975601012
257.09095395189473 0.18283422710313066 351.3860256329355 4.909417831370062 0.16328705416201286
262.8547572362095 0.2436554839266323 368.99554896416817 5.023772863019159 0.15599531566007627
268.7517440639979 0.019675769298887306 369.2311122052646 5.14079156553773 0.14902795818195913
274.78501667850946 0.27667228078524714 361.4228138948104 5.2605359837907635 0.1423706333418081
280.95774958352285 0.20458819695956187 366.6696191367437 5.383069607853834 0.13600962199590022
287.27319122650766 0.09231782110256569 390.26503597463454 5.5084574066763325 0.12993180700680337
293.7346657209964 0.20637494666257908 411.97159004217036 5.63676586252891 0.12412464716262717
300.3455746090714 0.012449130397102704 412.8814848640652 5.768063006253211 0.11857615220395856
307.1093986649094 0.22782651455879657 404.9533409403935 5.902418453332774 0.11327485891290355
314.0296997403322 0.11073240427103109 415.723853785704 6.039903440804032 0.10820980822044748
321.11012265334966 0.1411675829881448 444.19581196624426 6.180590865027185 0.10337052329004509
328.3543971206883 0.11107514094798353 459.0051614642225 6.324555320336759 0.09874698853702041
335.7663397353383 0.1341612208606497 451.23300764480535 6.471873138592562 0.09432962954493573
343.3498559901612 0.14913968516841378 453.802540470829 6.6226224296518215 0.09010929384163752
351.10894234863235 0.08369709922162229 482.645630433015 6.776883122784048 0.08607723249916119
359.0476883638215 0.11140409750186313 502.75722996917943 6.934737009050633 0.0822250825231031
367.17027884672507 0.10750749038871137 495.2237689786904 7.0962677846715065 0.07854484999844895
375.48099608511103 0.11180189011235456 499.7122938022628 7.261561095402028 0.07502889396016169
383.9842221140419 0.0967738965787325 532.4620242304144 7.4307045819434485 0.07166991095811645
392.6844410392906 0.05253113304697214 546.4894481112543 7.603787926411225 0.06846092028718719
401.58624141486973 0.12754664175764538 536.969367077129 7.78090289988561 0.06539524985447898
410.6943186759465 0.014188145102119047 557.1779058597209 7.962143411069946 0.06246652265682803
420.01347762842164 0.10211415249480625 588.94278087009 8.147605556082253 0.05966864384279145
429.5486349965044 0.06553087449495237 583.7910815465676 8.33738766940671 0.05699578833439293
439.30482202962133 0.06716595285909893 590.8505127689729 8.53159037603185 0.05444238898490866
449.2871871700548 0.0902097151802333 628.5356478156709 8.730316644803322 0.05200312524994204
459.5009987827116 0.03033816941536955 629.8317524528705 8.93367184301926 0.04967291234997759
469.95164794848364 0.06955223553960915 632.6052966825513 9.141763792297505 0.047446890903495305
480.64465132266645 0.07853774101569784 672.4350089013366 9.354702825743964 0.04532041701059661
491.5856540599667 0.03544138747040499 672.9008790686883 9.57260184645277 0.043289052767915365
502.7804328076342 0.04361395777440674 681.1974621765612 9.795576387368923 0.04134855719639088
514.2348987683204 0.06934577101643817 721.0116221074884 10.02374467254545 0.03949487756423842
525.9551008342727 0.06248794698977819 713.6714270838878 10.257227679827297 0.03772414108819373
537.9472287945405 0.010949616025056022 740.2266946723097 10.496149204995456 0.03603264699680829
550.2176166168803 0.026603059678138582 766.2245896331649 10.740635927405053 0.03441685894025437
562.7727458061122 0.058959030919348475 761.3015709429018 10.990817477152495 0.032873397731745226
575.6192488406964 0.05621249417779993 806.4290808267438 11.24682650380698 0.031399034406304246
588.7639126893638 0.04854586058440258 801.8026253179105 11.508798746743132 0.0299906835832116
602.2136824096561 0.022696954613882953 834.4328412384842 11.776873107111781 0.028645397119036613
615.9756648302846 0.007020467344509115 850.8745068416557 12.05119172148715 0.027360358038712507
630.057132319269 0.013882396914176294 863.6651122311366 12.331900037229644 0.02613287473264039
644.4655266398397 0.020716894053456697 898.3861787814204 12.61914688960386 0.024960375408318893
659.2084628961622 0.030934438508741665 899.5127627766709 12.913084580693113 0.023840402785480004
674.2937335709623 0.02995888884522998 943.2318593965239 13.213868960151915 0.022770609024181983
689.7293126572083 0.033501655789778775 940.9061932503116 13.521659507839638 0.021748750875755337
705.5233598860225 0.02854127838848416 987.3285040831654 13.836619418378726 0.020772685046930375
721.6842250530842 0.027910602847448812 986.6045731983049 14.15891568768276 0.019840363767883788
738.220452445796 0.01950305577479105 1030.9624517635116 14.488719201499798 0.018949830555339612
755.1407853735836 0.013923840262189149 1037.8377092092153 14.826204826018355 0.018099216162235626
772.4541708037094 0.0008304465893616495 1072.073102110719 15.171551500583671 0.017286734705831776
790.1697641050777 0.009322829498409124 1096.8568689209249 15.52494233257384 0.0165106799664825
808.2969339025269 0.02284916761932317 1110.649870469559 15.886564694485626 0.01576942184963058
826.845267044205 0.027140791977732136 1158.9480563728998 16.25661032328199 0.01506140300389708
845.8245736846362 0.025229143460820717 1158.9204511602056 16.635275422053418 0.01438513558845036
865.244892486202 0.008489057754227711 1206.1526368347618 17.022760764047536 0.013739198183128168
885.1164959417657 0.010426433879988654 1232.0949551308192 17.419271799121613 0.013122232835069792
905.4498958212909 0.024066539822415647 1242.5114859679338 17.82501876267492 0.012532942235882359
926.2558487453146 0.014590538603885254 1295.7884693085418 18.240216787118193 0.011970087023625136
947.5453618882563 0.007404774601889519 1318.6951913979137 18.66508601593983 0.011432483204140675
969.3296988145606 0.02126176463641608 1331.6335003235802 19.09985172042872 0.01091899968649996
991.6203854507957 0.004102309464472035 1381.7473213704418 19.544744419116224 0.010428555927553386
1014.4292161968444 0.016998052731448186 1421.355306826887 20.0 0.009960119680798084
