# Q = G M A_out^(2)/(A_1 A_2), strain amplitudes, Eq. (29); strain phases of Eq. (19) and (-1)^m' of Eq. (39) included; M = 1; r* = r + 2 log(r/2 - 1)
# sector=eee l1=3 m1=3 l2=4 m2=4 l=7 m=7 omega1=omega2=Momega_parent; symmetry factor: none (distinct parents)
# representative=1 order=0
# rel_err: |Q(domain 2) - Q(domain 1)|/|Q|, two outer integration radii
# Momega_parent Re_Qin Im_Qin Re_Qout Im_Qout rel_err gap_before
2.1145500000000000e-01 -9.1369304728073728e-03 -2.1615947388068332e-03 -9.3675829519658752e-03 6.3591822695802797e-04 8.8565305620360416e-05 0.0000000000000000e+00
2.2871663270000001e-01 -1.1100820704929050e-02 -1.9329398739243271e-03 -1.1236709874233730e-02 8.3718065068166586e-04 8.2334226193662191e-05 0.0000000000000000e+00
2.3314269230000001e-01 -1.1636314909074011e-02 -1.8744187656822939e-03 -1.1752210428791141e-02 8.9603570624832945e-04 9.8989236109144047e-05 0.0000000000000000e+00
2.4597826530000000e-01 -1.3270179960815670e-02 -1.7211465541552939e-03 -1.3337242691104411e-02 1.0854149901192700e-03 1.8125191386313811e-04 0.0000000000000000e+00
2.5483038460000002e-01 -1.4470203610691840e-02 -1.6415283614139790e-03 -1.4510680911753461e-02 1.2336189823777470e-03 1.6137510690447226e-04 0.0000000000000000e+00
2.6323989800000003e-01 -1.5670088366339360e-02 -1.5974830405706339e-03 -1.5689942747641669e-02 1.3891685601081930e-03 1.4984347678355890e-04 0.0000000000000000e+00
2.7651807690000002e-01 -1.7690309983553362e-02 -1.6180045136010631e-03 -1.7685790978755691e-02 1.6670109575927720e-03 2.5573760159787676e-05 0.0000000000000000e+00
2.8050153059999999e-01 -1.8328354492943798e-02 -1.6518334311640900e-03 -1.8318436778353309e-02 1.7588220992357591e-03 8.7679618629694805e-06 0.0000000000000000e+00
2.9776316330000002e-01 -2.1270093174334120e-02 -1.9968282510407411e-03 -2.1249454356263232e-02 2.2066185548986830e-03 7.7333627931862038e-05 0.0000000000000000e+00
2.9820576920000003e-01 -2.1349521756646579e-02 -2.0106880370418371e-03 -2.1328953346875960e-02 2.2192573026402419e-03 7.3438839042825097e-05 0.0000000000000000e+00
3.1502479589999999e-01 -2.4511874658754561e-02 -2.7720379854390882e-03 -2.4514856739332989e-02 2.7477763107653700e-03 2.9823749381522550e-05 0.0000000000000000e+00
3.1989346149999998e-01 -2.5480627672281150e-02 -3.0912027383065469e-03 -2.5501169143658891e-02 2.9197137776674430e-03 1.3665365557841159e-06 0.0000000000000000e+00
3.3228642860000002e-01 -2.8049835850626901e-02 -4.1490964309337432e-03 -2.8150999923013849e-02 3.4005381054853581e-03 1.0902189866658867e-04 0.0000000000000000e+00
3.4158115379999998e-01 -3.0067016428175580e-02 -5.2111818260734202e-03 -3.0277945774959330e-02 3.8061174646573238e-03 1.6813686359451433e-04 0.0000000000000000e+00
3.4954806119999998e-01 -3.1847476540623837e-02 -6.3358154712358089e-03 -3.2201862205213982e-02 4.1877261871798334e-03 1.8163494121797340e-04 0.0000000000000000e+00
3.6326884620000000e-01 -3.4993727301917792e-02 -8.8139388353805203e-03 -3.5751408567066247e-02 4.9279638003910491e-03 1.6762650860022965e-04 0.0000000000000000e+00
3.6680969390000001e-01 -3.5814355578354037e-02 -9.5785302933831824e-03 -3.6718744082378983e-02 5.1377008993972358e-03 1.5110294969609533e-04 0.0000000000000000e+00
3.8407132649999998e-01 -3.9782862834136359e-02 -1.4161751016817610e-02 -4.1765476303763253e-02 6.2861900919120219e-03 6.0620475679288519e-05 0.0000000000000000e+00
3.8495653850000000e-01 -3.9982110876340952e-02 -1.4438701692243610e-02 -4.2040197348294103e-02 6.3512831925499674e-03 6.2522964532525662e-05 0.0000000000000000e+00
4.0133295920000001e-01 -4.3473088391231852e-02 -2.0399935587723499e-02 -4.7420861894045693e-02 7.6789852398378069e-03 5.3378135675412275e-06 0.0000000000000000e+00
4.0664423080000001e-01 -4.4489382902601828e-02 -2.2702669077055329e-02 -4.9297342913684788e-02 8.1651472469577834e-03 3.0180463218490559e-05 0.0000000000000000e+00
4.1859459180000003e-01 -4.6446700953289302e-02 -2.8617500674050670e-02 -5.3782103925728783e-02 9.3743624564134806e-03 4.8245794716647738e-05 0.0000000000000000e+00
4.2833192310000001e-01 -4.7575374507222219e-02 -3.4242292159589127e-02 -5.7730446741829998e-02 1.0492098062611380e-02 2.3444288258888314e-05 0.0000000000000000e+00
4.3585622450000000e-01 -4.8057078435965163e-02 -3.9113313927175708e-02 -6.0980256653147803e-02 1.1448395809672510e-02 3.4933698284732209e-06 0.0000000000000000e+00
4.5001961540000002e-01 -4.7715683565021393e-02 -4.9569900922981483e-02 -6.7626978166583446e-02 1.3500580876963819e-02 2.4544130311347149e-05 0.0000000000000000e+00
4.5311785710000002e-01 -4.7371816691342071e-02 -5.2083536797882773e-02 -6.9183434045355818e-02 1.3998771962890681e-02 4.7315246337692896e-05 0.0000000000000000e+00
4.7037948979999999e-01 -4.3099438091474623e-02 -6.7492996382500434e-02 -7.8621737685662621e-02 1.7151343601403510e-02 8.2111883257340165e-05 0.0000000000000000e+00
4.7170730770000002e-01 -4.2575932440332691e-02 -6.8769540538223012e-02 -7.9407441393614081e-02 1.7423131586730999e-02 8.3173174263407630e-05 0.0000000000000000e+00
4.8764112240000002e-01 -3.3522314993264732e-02 -8.4845316466405710e-02 -8.9619848549833611e-02 2.1066732418183961e-02 8.6789247779581465e-05 0.0000000000000000e+00
4.9339499999999997e-01 -2.8790902906196951e-02 -9.0862171528278898e-02 -9.3707626384142539e-02 2.2574660415681978e-02 8.6146661186912754e-05 0.0000000000000000e+00
5.0490275510000004e-01 -1.6500287497264180e-02 -1.0278184844437489e-01 -1.0264165961555180e-01 2.5942921076709501e-02 7.4982142893424030e-05 0.0000000000000000e+00
5.1508269230000003e-01 -2.0258483219765529e-03 -1.1256277531957549e-01 -1.1152961220578660e-01 2.9361310046934520e-02 4.3484744816144083e-05 0.0000000000000000e+00
5.2216438779999996e-01 1.0273588895164580e-02 -1.1844587398391010e-01 -1.1836099339843510e-01 3.2010284209278712e-02 2.5109217639937847e-05 0.0000000000000000e+00
5.3677038460000004e-01 4.1792437749561449e-02 -1.2619838297486591e-01 -1.3451139653427591e-01 3.8252263819733193e-02 1.3395785934379332e-05 0.0000000000000000e+00
5.3942602039999998e-01 4.8404288876892659e-02 -1.2670063816213309e-01 -1.3779775095187519e-01 3.9506981430582927e-02 1.6600080487432434e-05 0.0000000000000000e+00
5.5668765310000001e-01 9.6782792133662185e-02 -1.1969138456646010e-01 -1.6248390220385500e-01 4.8598941779500769e-02 2.4134529248402224e-05 0.0000000000000000e+00
5.5845807690000004e-01 1.0211745348235580e-01 -1.1773908382324620e-01 -1.6539607444206131e-01 4.9622123730951623e-02 2.4723472198287026e-05 0.0000000000000000e+00
5.7394928570000003e-01 1.4842896644414130e-01 -8.8328089133105220e-02 -1.9476155576576279e-01 5.9190279054714329e-02 3.5324971487645757e-05 0.0000000000000000e+00
5.8014576920000005e-01 1.6511388260733029e-01 -6.9854119158336322e-02 -2.0883540548861790e-01 6.3241955940487177e-02 3.1253468833641574e-05 0.0000000000000000e+00
5.9121091839999995e-01 1.8837456396117730e-01 -2.7414404165323269e-02 -2.3820365755311371e-01 7.0482278660208786e-02 4.5975184339429564e-05 0.0000000000000000e+00
6.0183346150000006e-01 1.9857389267156469e-01 2.2798208351422530e-02 -2.7270973154846601e-01 7.6820982044655275e-02 4.1729741067655280e-05 0.0000000000000000e+00
6.0847255099999997e-01 1.9703921684303830e-01 5.7136120503010673e-02 -2.9815272986175312e-01 7.9977172856122630e-02 3.8341644128562694e-05 0.0000000000000000e+00
6.2352115379999995e-01 1.6731283120844370e-01 1.3517123154123600e-01 -3.6975286620163289e-01 8.1961548259074896e-02 4.7855204494525366e-05 0.0000000000000000e+00
6.2573418370000000e-01 1.5975631567404791e-01 1.4585267038448310e-01 -3.8218422319748568e-01 8.1269043753886105e-02 4.2714732631406616e-05 0.0000000000000000e+00
6.4299581630000002e-01 7.4736945234788521e-02 2.1123562046613001e-01 -4.9918551058321620e-01 5.9277845232194523e-02 6.3764767936975249e-05 0.0000000000000000e+00
6.4520884619999996e-01 6.0890397322578067e-02 2.1642272252988151e-01 -5.1690521196973238e-01 5.3379981767663467e-02 5.7132174191384625e-05 0.0000000000000000e+00
6.6025744900000005e-01 -4.4387763707515189e-02 2.2392621700356469e-01 -6.5210391642517695e-01 -1.8427230344949409e-02 7.1618306050123562e-05 0.0000000000000000e+00
6.6689653849999997e-01 -9.2731509258017708e-02 2.0880571018391580e-01 -7.1624557051209303e-01 -7.4405032007115887e-02 6.5101573885861046e-05 0.0000000000000000e+00
6.7751908159999996e-01 -1.6147094026993741e-01 1.5787108465024111e-01 -8.1014672914165575e-01 -2.0659109494367989e-01 6.8870348737908515e-05 0.0000000000000000e+00
6.8858423079999997e-01 -2.0399128217926379e-01 7.3868904484862857e-02 -8.6457954433748030e-01 -4.0350833461136332e-01 6.6334341724223509e-05 0.0000000000000000e+00
6.9478071429999999e-01 -2.0731515905461809e-01 1.9897685972448280e-02 -8.5868531094667733e-01 -5.3218759009875205e-01 5.5087890003625861e-05 0.0000000000000000e+00
7.1027192309999998e-01 -1.4833569108650210e-01 -9.1515551569720688e-02 -7.0001056321381849e-01 -8.2901974043848137e-01 4.7090195857947534e-05 0.0000000000000000e+00
7.1204234690000001e-01 -1.3732625393343900e-01 -9.9428200055565047e-02 -6.7087585114512516e-01 -8.5451229147068597e-01 5.2035088807474645e-05 0.0000000000000000e+00
7.2930397960000004e-01 -3.0487221282031230e-02 -1.1731532354543001e-01 -3.5633036590244110e-01 -9.7105593910331167e-01 6.9054490025131739e-05 0.0000000000000000e+00
7.3195961539999999e-01 -1.7581530717416929e-02 -1.1280066108991260e-01 -3.1141699266745199e-01 -9.7020856213129925e-01 6.5471027612590149e-05 0.0000000000000000e+00
