# Q = G M A_out^(2)/(A_1 A_2), strain amplitudes, Eq. (29); strain phases of Eq. (19) and (-1)^m' of Eq. (39) included; M = 1; r* = r + 2 log(r/2 - 1)
# sector=eee l1=2 m1=2 l2=2 m2=2 l=4 m=4 omega1=omega2=Momega_parent; symmetry factor: 1/2 included (identical parent l, m, omega)
# representative=1 order=0
# rel_err: |Q(domain 2) - Q(domain 1)|/|Q|, two outer integration radii
# Momega_parent Re_Qin Im_Qin Re_Qout Im_Qout rel_err gap_before
1.0000000000000000e-02 -4.0593336540744690e-05 1.4283984867400815e-05 -4.3028315182202144e-05 6.4442826432392198e-07 8.8243737647900327e-04 0.0000000000000000e+00
1.1450475700000001e-02 -5.2683583664296653e-05 2.0707244300295990e-05 -5.6598944830832647e-05 9.5362376185172897e-07 1.9499951768265447e-03 0.0000000000000000e+00
1.3111339370000001e-02 -6.7928477253198947e-05 2.9914838089480480e-05 -7.4209279910234050e-05 1.4691273369404731e-06 1.0287108581067243e-03 0.0000000000000000e+00
1.5013107289999999e-02 -8.7493595373021253e-05 4.3068586236679733e-05 -9.7496361347017253e-05 2.1194046549482531e-06 1.0597755389002068e-03 0.0000000000000000e+00
1.7190722020000000e-02 -1.1231188926839615e-04 6.1914390382004599e-05 -1.2821013395611185e-04 3.0844382726314982e-06 1.3666559372206349e-03 0.0000000000000000e+00
1.9684194469999999e-02 -1.4341648841267356e-04 8.9168549371077300e-05 -1.6880621044023565e-04 4.8767475552512588e-06 6.4174405188048469e-04 0.0000000000000000e+00
1.9706000000000001e-02 -1.4382859783438489e-04 8.9411766750025547e-05 -1.6928668749087764e-04 4.8111361580676954e-06 4.6826931070336500e-04 0.0000000000000000e+00
2.2539339049999999e-02 -1.8214839942576620e-04 1.2760344393182731e-04 -2.2228007530181580e-04 7.2281711261530150e-06 5.2341288274521949e-05 0.0000000000000000e+00
2.5808615399999998e-02 -2.2921989463727614e-04 1.8177691314931449e-04 -2.9234754936273568e-04 1.0840512111716600e-05 1.1852035247636803e-03 0.0000000000000000e+00
2.9412000000000001e-02 -2.8419359579799641e-04 2.5550184480926393e-04 -3.8181406800528149e-04 1.6285279708240989e-05 5.6222873036295144e-04 0.0000000000000000e+00
2.9552092350000000e-02 -2.8630045291777167e-04 2.5852849037146322e-04 -3.8540073056459123e-04 1.6468358650940281e-05 5.5249808226085027e-04 0.0000000000000000e+00
3.3838551529999997e-02 -3.5349140096619270e-04 3.6590402274621676e-04 -5.0814958976925747e-04 2.5018392895890511e-05 4.3503057677356005e-04 0.0000000000000000e+00
3.8746751199999999e-02 -4.3114628862538789e-04 5.1570933179721703e-04 -6.7112651205564200e-04 3.7847676715197075e-05 5.3462377032969795e-04 0.0000000000000000e+00
3.9119000000000001e-02 -4.3663798577526575e-04 5.2797229734706801e-04 -6.8402051118797999e-04 3.9031050092584722e-05 9.7432685245971482e-05 0.0000000000000000e+00
4.4366873309999999e-02 -5.1688926126608502e-04 7.2255628865514347e-04 -8.8655229871423995e-04 5.7333584603267401e-05 7.2107632063839276e-04 0.0000000000000000e+00
4.8825000000000000e-02 -5.7986942478329697e-04 9.1365890390438648e-04 -1.0793696401157451e-03 7.7345823506931604e-05 2.0000642620511644e-04 0.0000000000000000e+00
5.0802180470000000e-02 -6.0630341761744105e-04 1.0062505547559844e-03 -1.1715347750926356e-03 8.7466371728466848e-05 1.7113164002036754e-05 0.0000000000000000e+00
5.8170913290000001e-02 -6.9405386838093002e-04 1.3941304392758485e-03 -1.5516263422066215e-03 1.3329103365751515e-04 8.7797809155305869e-05 0.0000000000000000e+00
5.8531000000000000e-02 -6.9783001966199000e-04 1.4147944223835715e-03 -1.5716690170416859e-03 1.3589286433981514e-04 1.0916560620853514e-04 0.0000000000000000e+00
6.6608462909999999e-02 -7.6963659314751751e-04 1.9209660326889655e-03 -2.0593742170555663e-03 2.0354446874864990e-04 6.2075638322483238e-04 0.0000000000000000e+00
6.8237000000000006e-02 -7.7995786034694252e-04 2.0314623351022328e-03 -2.1649234593937284e-03 2.1973140904501284e-04 2.6391156917445155e-05 0.0000000000000000e+00
7.6269858590000003e-02 -8.1676337931001295e-04 2.6289861814752227e-03 -2.7351573849888834e-03 3.1239663570614636e-04 1.1386686953319989e-04 0.0000000000000000e+00
7.7943999999999999e-02 -8.2112967242647646e-04 2.7634308738322083e-03 -2.8633891992018035e-03 3.3438766796070710e-04 3.3348581795879661e-05 0.0000000000000000e+00
8.7332616239999994e-02 -8.2208313540751152e-04 3.5810748883980505e-03 -3.6427232414459674e-03 4.8012149666573086e-04 2.7657737115182256e-04 0.0000000000000000e+00
8.7650000000000006e-02 -8.2161306351098251e-04 3.6114182916201832e-03 -3.6716946698387041e-03 4.8588157950396301e-04 2.3105302343102465e-05 0.0000000000000000e+00
9.7355999999999998e-02 -7.8673911599699354e-04 4.5778866410957119e-03 -4.5948381903848125e-03 6.8086347197963645e-04 5.5010899075540058e-06 0.0000000000000000e+00
1.0000000000000001e-01 -7.7208242149707205e-04 4.8625648984382871e-03 -4.8671357331794623e-03 7.4282335312423600e-04 8.0126187878164237e-05 0.0000000000000000e+00
1.0706200000000000e-01 -7.2697483273721504e-04 5.6676152789764504e-03 -5.6384288324551448e-03 9.2671735608632750e-04 2.7145249868516403e-05 0.0000000000000000e+00
1.1676900000000000e-01 -6.5805608000492300e-04 6.8875053122973750e-03 -6.8084465014632148e-03 1.2315638603104580e-03 2.9272372145901714e-05 0.0000000000000000e+00
1.2137700000000000e-01 -6.2846476582930548e-04 7.5181293455013152e-03 -7.4134041612036348e-03 1.4000554665600500e-03 5.5648059768910886e-04 0.0000000000000000e+00
1.2647500000000000e-01 -6.0127923870131298e-04 8.2466302347568299e-03 -8.1114875505460156e-03 1.6045746067113735e-03 3.0677225557992847e-05 0.0000000000000000e+00
1.3128532649999999e-01 -5.8644541692993600e-04 8.9771805126832097e-03 -8.8109677443462750e-03 1.8178033039124005e-03 3.3071397582001177e-04 0.0000000000000000e+00
1.3241127270000000e-01 -5.8493977235107397e-04 9.1514178543251647e-03 -8.9776616823692892e-03 1.8698926862061194e-03 1.5161073906997126e-04 0.0000000000000000e+00
1.3618100000000000e-01 -5.8440188519086897e-04 9.7561621530284949e-03 -9.5552984852194343e-03 2.0558711442502054e-03 4.0297414650965064e-05 0.0000000000000000e+00
1.4119365310000001e-01 -6.0244714785095000e-04 1.0597597882732020e-02 -1.0357860509692856e-02 2.3230108853326595e-03 1.6108496713231959e-05 0.0000000000000000e+00
1.4344554549999999e-01 -6.1874041092569050e-04 1.0994171140994975e-02 -1.0735622875491416e-02 2.4521053110621127e-03 3.3092837913364410e-04 0.0000000000000000e+00
1.4588699999999999e-01 -6.4202895595163252e-04 1.1428378167486330e-02 -1.1148514906371925e-02 2.5971615275865081e-03 7.6921674007634242e-05 0.0000000000000000e+00
1.5110197959999999e-01 -7.1833843673080452e-04 1.2401452869658981e-02 -1.2072544551212944e-02 2.9306429887803014e-03 3.7450629511743508e-04 0.0000000000000000e+00
1.5447981820000001e-01 -7.8960970607526405e-04 1.3056453137514220e-02 -1.2693451416285835e-02 3.1624878125959609e-03 2.9507804416196623e-04 0.0000000000000000e+00
1.5559400000000001e-01 -8.1697029458976001e-04 1.3275023650516625e-02 -1.2900352978793970e-02 3.2416301498390775e-03 8.9649335515956091e-05 0.0000000000000000e+00
1.6101030610000000e-01 -9.8401054460715647e-04 1.4386301772594220e-02 -1.3951569684237055e-02 3.6524397020854544e-03 1.5302239276207043e-04 0.0000000000000000e+00
1.6530000000000000e-01 -1.1618597414223531e-03 1.5306370016870395e-02 -1.4821518853088789e-02 4.0040134987435012e-03 8.8341616838339697e-05 0.0000000000000000e+00
1.6551409089999999e-01 -1.1717994704550354e-03 1.5356522230550920e-02 -1.4868899293054840e-02 4.0233965801026164e-03 2.7228164334530702e-04 0.0000000000000000e+00
1.7091863269999999e-01 -1.4635888975865344e-03 1.6572688956218742e-02 -1.6018720741666950e-02 4.5070751586807406e-03 2.2561451076917152e-04 0.0000000000000000e+00
1.7500599999999999e-01 -1.7397336699263265e-03 1.7529379407050238e-02 -1.6924406720201617e-02 4.9021975058683815e-03 4.7265647168867509e-05 0.0000000000000000e+00
1.7654836360000001e-01 -1.8581096997674330e-03 1.7904724884901004e-02 -1.7280295951002955e-02 5.0601407539325703e-03 2.4973977815354384e-04 0.0000000000000000e+00
1.8082695920000000e-01 -2.2308695141278084e-03 1.8961946584454482e-02 -1.8285632217951139e-02 5.5155082981709546e-03 3.4795574167714288e-04 0.0000000000000000e+00
1.8471199999999999e-01 -2.6282587783432441e-03 1.9945631223880926e-02 -1.9225115166075276e-02 5.9557189054572496e-03 3.5067289346485948e-05 0.0000000000000000e+00
1.8758263640000000e-01 -2.9645755330910497e-03 2.0704038169591304e-02 -1.9953464461860176e-02 6.3029418603770850e-03 3.8585698003489673e-04 0.0000000000000000e+00
1.9073528570000001e-01 -3.3769492051178426e-03 2.1546630717064221e-02 -2.0767844961814431e-02 6.7001080188920951e-03 3.8561719077831474e-04 0.0000000000000000e+00
1.9441900000000001e-01 -3.9199789564424792e-03 2.2550372758479414e-02 -2.1746063764303561e-02 7.1898999790908054e-03 2.1505763196440572e-04 0.0000000000000000e+00
1.9861690909999999e-01 -4.6286219506843978e-03 2.3726198605412200e-02 -2.2905954385863844e-02 7.7862504566552897e-03 2.0208408818800288e-04 0.0000000000000000e+00
2.0064361219999999e-01 -5.0078329798765846e-03 2.4302732953531671e-02 -2.3481579940175794e-02 8.0881961184119996e-03 1.6003424777080510e-04 0.0000000000000000e+00
2.0412500000000000e-01 -5.7205785042214099e-03 2.5304761534122779e-02 -2.4495290555431357e-02 8.6285875094633552e-03 1.5718392042788557e-05 0.0000000000000000e+00
2.0965118180000000e-01 -7.0234830962282802e-03 2.6928720693031021e-02 -2.6178965130383081e-02 9.5522457419757907e-03 3.5159994635188197e-05 0.0000000000000000e+00
2.1055193880000000e-01 -7.2569419785450447e-03 2.7200080868419137e-02 -2.6465042864830614e-02 9.7131834651653648e-03 1.6675531190445589e-04 0.0000000000000000e+00
2.1383099999999999e-01 -8.1632880433971048e-03 2.8179122571471420e-02 -2.7517949059616194e-02 1.0309324481988996e-02 1.8881418890074963e-04 0.0000000000000000e+00
2.2046026530000001e-01 -1.0273167963868320e-02 3.0159900238380236e-02 -2.9745387124937326e-02 1.1611999421273176e-02 1.4392085081551008e-04 0.0000000000000000e+00
2.2068545449999999e-01 -1.0349663676644735e-02 3.0223633960336234e-02 -2.9819592803501559e-02 1.1658193638154291e-02 2.5785588608208260e-05 0.0000000000000000e+00
2.2353700000000001e-01 -1.1391121723611661e-02 3.1074749996339520e-02 -3.0829992618692955e-02 1.2265163161155225e-02 7.9717198973539816e-05 0.0000000000000000e+00
2.3036859179999999e-01 -1.4226625758758910e-02 3.3067050424648442e-02 -3.3365541185427228e-02 1.3834012530329660e-02 1.7020899661975852e-04 0.0000000000000000e+00
2.3171972730000001e-01 -1.4845902875361481e-02 3.3444557404729243e-02 -3.3882316606521988e-02 1.4162742962333269e-02 4.2691014844029677e-06 0.0000000000000000e+00
2.3324400000000001e-01 -1.5575918766194675e-02 3.3876927791820735e-02 -3.4486800648374630e-02 1.4547331403214020e-02 1.4295797623720637e-04 0.0000000000000000e+00
2.4027691840000001e-01 -1.9306998905848562e-02 3.5735137372750470e-02 -3.7375541976776151e-02 1.6432045987875132e-02 1.3635810454118417e-04 0.0000000000000000e+00
2.4275400000000000e-01 -2.0777397070417446e-02 3.6335003359651466e-02 -3.8447202746146172e-02 1.7146989321118786e-02 1.2643426198513286e-04 0.0000000000000000e+00
2.4295000000000000e-01 -2.0902195160969670e-02 3.6388225253464114e-02 -3.8541470997189818e-02 1.7207811338947311e-02 2.9597709579871727e-04 0.0000000000000000e+00
2.5018524489999999e-01 -2.5708422431024180e-02 3.7884231639626863e-02 -4.1836805082953905e-02 1.9467901238397575e-02 1.3307796570955253e-04 0.0000000000000000e+00
2.5265599999999999e-01 -2.7535809924959919e-02 3.8302044819470728e-02 -4.3035058356680200e-02 2.0305332782533277e-02 1.1877899809785939e-04 0.0000000000000000e+00
2.5378827269999998e-01 -2.8414402025136756e-02 3.8483185760098078e-02 -4.3608833638414203e-02 2.0705220752182157e-02 2.0384291754374170e-04 0.0000000000000000e+00
2.6009357140000000e-01 -3.3630918776270620e-02 3.9139376115565748e-02 -4.6862721484931591e-02 2.3031211937438234e-02 9.6357144149552577e-05 0.0000000000000000e+00
2.6236199999999998e-01 -3.5662862756507020e-02 3.9231335034030999e-02 -4.8087824857789230e-02 2.3921334485817763e-02 4.3250619841569304e-04 0.0000000000000000e+00
2.6482254550000001e-01 -3.7999334997459729e-02 3.9272942633709867e-02 -4.9503085753211599e-02 2.4948156831038036e-02 1.5972934061012355e-04 0.0000000000000000e+00
2.7000189800000002e-01 -4.3209701979293968e-02 3.8932281824304783e-02 -5.2569822306788049e-02 2.7211746777624134e-02 1.0376848657295124e-05 0.0000000000000000e+00
2.7206900000000001e-01 -4.5419266300260518e-02 3.8635269161605409e-02 -5.3857996790454603e-02 2.8169752619823511e-02 4.4880207480469428e-05 0.0000000000000000e+00
2.7585681820000002e-01 -4.9667285639213021e-02 3.7826039425460582e-02 -5.6334153994071150e-02 3.0020953775723995e-02 2.0489267905250162e-04 0.0000000000000000e+00
2.7991022450000003e-01 -5.4453352976725648e-02 3.6494048240448565e-02 -5.9121031883780699e-02 3.2119248438536981e-02 7.3007753228079844e-05 0.0000000000000000e+00
2.8177500000000000e-01 -5.6671023637123452e-02 3.5657592702587469e-02 -6.0389641567746101e-02 3.3086974825728796e-02 1.2202276745336127e-03 0.0000000000000000e+00
2.8689109089999998e-01 -6.3266414005725052e-02 3.2901121110714790e-02 -6.4369553771639346e-02 3.6079239044650734e-02 1.1612990622707034e-04 0.0000000000000000e+00
2.8981855099999998e-01 -6.7131113825026595e-02 3.0819457607442494e-02 -6.6752431907731002e-02 3.7878101659423485e-02 1.0935743049024182e-04 0.0000000000000000e+00
2.9148099999999999e-01 -6.9260556935961004e-02 2.9418385808704876e-02 -6.8063161744556899e-02 3.8876097155068838e-02 1.3619982418648275e-03 0.0000000000000000e+00
2.9792536359999999e-01 -7.8115091187451205e-02 2.2914604738278641e-02 -7.4019052740710856e-02 4.3316358218841430e-02 3.8416781068418703e-05 0.0000000000000000e+00
2.9972687760000000e-01 -8.0567791385016005e-02 2.0678622592091887e-02 -7.5788936832575246e-02 4.4623759124392051e-02 6.9825528100941127e-05 0.0000000000000000e+00
3.0118699999999998e-01 -8.2408331853915745e-02 1.8692591011014632e-02 -7.7142803112894204e-02 4.5633507733829619e-02 1.5647940042748593e-03 0.0000000000000000e+00
3.0895963640000002e-01 -9.2583872082686855e-02 6.0356541184541047e-03 -8.5891655040734205e-02 5.1919032512693898e-02 8.7060269039601656e-05 0.0000000000000000e+00
3.0963520410000001e-01 -9.3395969250958444e-02 4.7396050354168301e-03 -8.6707176401060806e-02 5.2493812300066153e-02 8.2434280336899897e-05 0.0000000000000000e+00
3.1089400000000000e-01 -9.4643333428884355e-02 2.2210312609392902e-03 -8.8051263298242893e-02 5.3439711685019403e-02 2.3651312357363345e-03 0.0000000000000000e+00
3.1954353060000001e-01 -1.0320870830748015e-01 -1.8114380672746289e-02 -1.0016755533515555e-01 6.1567355072076502e-02 1.3434832556318282e-05 0.0000000000000000e+00
3.1999390909999997e-01 -1.0352423701060180e-01 -1.9325612845036061e-02 -1.0084908776981220e-01 6.2005823766888651e-02 3.8135580096968000e-05 0.0000000000000000e+00
3.2060000000000000e-01 -1.0360171228281265e-01 -2.0930756094023104e-02 -1.0147258383248185e-01 6.2389696366675247e-02 3.2172076308914009e-03 0.0000000000000000e+00
3.2945185710000002e-01 -1.0638693179457150e-01 -4.8099781881891235e-02 -1.1713422367173495e-01 7.1822979650324900e-02 6.6592219280118615e-06 0.0000000000000000e+00
3.3030599999999999e-01 -1.0584350494070885e-01 -5.0842603279334903e-02 -1.1843177194929780e-01 7.2488694473289747e-02 3.3026235681874344e-03 0.0000000000000000e+00
3.3102818179999999e-01 -1.0597570776322245e-01 -5.3450465011205352e-02 -1.2023653209802430e-01 7.3546440576737745e-02 1.5570398605050339e-05 0.0000000000000000e+00
3.3936018369999998e-01 -9.8228992258209094e-02 -8.3478133838863156e-02 -1.3892811548903169e-01 8.2926137261708902e-02 9.7547638296785713e-05 0.0000000000000000e+00
3.4001199999999998e-01 -9.6726074446200155e-02 -8.5559289110198250e-02 -1.3999306351160209e-01 8.3258972369937997e-02 4.4711180930873144e-03 0.0000000000000000e+00
3.4206245450000000e-01 -9.3395973939099999e-02 -9.3510508529508998e-02 -1.4594144751903854e-01 8.6004914243293457e-02 9.0217768729686251e-05 0.0000000000000000e+00
3.4926851019999999e-01 -7.4073612192155802e-02 -1.1932618011211650e-01 -1.6736866624756985e-01 9.3956898463689098e-02 1.0705735808359391e-04 0.0000000000000000e+00
3.4971900000000000e-01 -7.2263272683689844e-02 -1.2048730603270195e-01 -1.6836058519256755e-01 9.4063060211037899e-02 3.3352453960354806e-03 0.0000000000000000e+00
3.5309672730000002e-01 -5.9819014894443898e-02 -1.3154760427992171e-01 -1.8060627382386166e-01 9.7818178299930697e-02 4.4453644113293768e-06 0.0000000000000000e+00
3.5917683670000000e-01 -3.1603469583586480e-02 -1.4680930088115546e-01 -2.0461962128603964e-01 1.0281255656997015e-01 4.4771173763362139e-06 0.0000000000000000e+00
3.5942499999999999e-01 -3.0034819640781717e-02 -1.4662099862429476e-01 -2.0480503484404455e-01 1.0229278370603595e-01 4.8632643998814352e-03 0.0000000000000000e+00
3.6413099999999998e-01 -4.2606915342113510e-03 -1.5379954070967339e-01 -2.2717913177854709e-01 1.0522201866715075e-01 6.3385910575873587e-06 0.0000000000000000e+00
3.6908516330000002e-01 2.5708852783157383e-02 -1.5433170934295526e-01 -2.5255110733661174e-01 1.0531180053304065e-01 5.2746110905848368e-05 0.0000000000000000e+00
3.6913099999999999e-01 2.6013973966365400e-02 -1.5405387226631700e-01 -2.5244994061983139e-01 1.0503625353137375e-01 1.7047891752537743e-03 0.0000000000000000e+00
3.7516527270000000e-01 6.3334891741702051e-02 -1.4457667037789310e-01 -2.8742540176339487e-01 1.0086710367340875e-01 1.4422442997821271e-05 0.0000000000000000e+00
3.7883699999999998e-01 8.4737200769961052e-02 -1.3255330997367645e-01 -3.0979742922611730e-01 9.4678195619668656e-02 1.3653702486717306e-03 0.0000000000000000e+00
3.7899348980000003e-01 8.5649148604336298e-02 -1.3213217653111811e-01 -3.1109247072381835e-01 9.4590084159851304e-02 1.4917114993889797e-04 0.0000000000000000e+00
3.8619954550000002e-01 1.1977546615250954e-01 -9.6627102298780257e-02 -3.5770449228125728e-01 7.3586105837519400e-02 5.1033647004215474e-05 0.0000000000000000e+00
3.8854300000000003e-01 1.2732130159134200e-01 -8.1911890272830953e-02 -3.7177608849117788e-01 6.3117020239815955e-02 3.1075095810266292e-03 0.0000000000000000e+00
3.8890181629999998e-01 1.2861073172716705e-01 -8.0021015942676951e-02 -3.7504325317356424e-01 6.2110480767848801e-02 3.8599176602060240e-06 0.0000000000000000e+00
3.9723381819999998e-01 1.3828610791844650e-01 -2.3965619374719499e-02 -4.2361501209308133e-01 1.3832675848058930e-02 4.0556936836319942e-05 0.0000000000000000e+00
3.9824999999999999e-01 1.3753200843480831e-01 -1.7148888806914571e-02 -4.2858282990446422e-01 6.6514726738523848e-03 2.4522183251442746e-04 0.0000000000000000e+00
3.9881014290000000e-01 1.3699685653786794e-01 -1.3462318541455680e-02 -4.3138626854721157e-01 2.6493784709618971e-03 1.0787074979123704e-04 0.0000000000000000e+00
4.0795599999999999e-01 1.1278448323856105e-01 3.8359617987577747e-02 -4.6268891188175559e-01 -7.1058906130240546e-02 9.7440186917444884e-04 0.0000000000000000e+00
4.1766199999999998e-01 6.9493353093149607e-02 6.6747792034821354e-02 -4.6565532215303401e-01 -1.5408579899124000e-01 1.3428062403822211e-03 0.0000000000000000e+00
4.2736800000000003e-01 2.8636749706584700e-02 6.8300007266672402e-02 -4.4151688938040262e-01 -2.2601289616436809e-01 9.5690419143760431e-05 0.0000000000000000e+00
4.3707499999999999e-01 1.5580153417452465e-03 5.5046682324261000e-02 -4.0457992965726264e-01 -2.7831510961534689e-01 1.7982112438706959e-03 0.0000000000000000e+00
4.4678099999999998e-01 -1.1871992611889830e-02 3.8208308907597396e-02 -3.6396608401766828e-01 -3.1174604486484647e-01 3.4289629222649660e-03 0.0000000000000000e+00
4.5648699999999998e-01 -1.6067468643781967e-02 2.3784875188569091e-02 -3.2643584490451466e-01 -3.3068109006218754e-01 5.3582990695626520e-03 0.0000000000000000e+00
4.6619300000000002e-01 -1.5468338897764215e-02 1.3476913567605751e-02 -2.9543447940125772e-01 -3.4045502922946480e-01 7.8511248096741551e-03 0.0000000000000000e+00
