# Q = G M A_out^(2)/(A_1 A_2), strain amplitudes, Eq. (29); strain phases of Eq. (19) and (-1)^m' of Eq. (39) included; M = 1; r* = r + 2 log(r/2 - 1)
# sector=eee l1=3 m1=3 l2=3 m2=3 l=6 m=6 omega1=omega2=Momega_parent; symmetry factor: 1/2 included (identical parent l, m, omega)
# representative=1 order=0
# rel_err: |Q(domain 2) - Q(domain 1)|/|Q|, two outer integration radii
# Momega_parent Re_Qin Im_Qin Re_Qout Im_Qout rel_err gap_before
2.4607000000000000e-02 -5.3883622353989753e-05 5.1573952986435000e-05 -7.4584738729471206e-05 6.5888791982528248e-07 4.1568420327618063e-03 0.0000000000000000e+00
3.9212999999999998e-02 -9.3106573384374498e-05 1.6848626843894330e-04 -1.9248126408396831e-04 2.7239009706499739e-06 1.9881268133501397e-04 0.0000000000000000e+00
5.3820000000000000e-02 -9.1477704479126556e-05 3.5755033220091455e-04 -3.6899659807153898e-04 7.2056287345132447e-06 4.2684388805931981e-04 0.0000000000000000e+00
6.8426000000000001e-02 -1.9341648238844933e-05 6.0720621790349104e-04 -6.0732492811464299e-04 1.5163182695511985e-05 5.9376781478375489e-05 0.0000000000000000e+00
8.3032999999999996e-02 1.4335102897328775e-04 9.0001568837058752e-04 -9.1093755219713145e-04 2.7758473275470169e-05 5.7901695481394643e-05 0.0000000000000000e+00
9.7640000000000005e-02 4.0803473098917505e-04 1.2179999536599696e-03 -1.2836956952288305e-03 4.6277327474800380e-05 1.2263850968373313e-05 0.0000000000000000e+00
1.1224600000000000e-01 7.7951905093220247e-04 1.5458593221249104e-03 -1.7297770721401875e-03 7.2126808137798997e-05 3.2581189415487606e-05 0.0000000000000000e+00
1.2685299999999999e-01 1.2583326758013795e-03 1.8730942693018086e-03 -2.2539867316335484e-03 1.0689754355952835e-04 3.3859670444149107e-05 0.0000000000000000e+00
1.4146000000000000e-01 1.8422718550685385e-03 2.1945694537427629e-03 -2.8612749626980381e-03 1.5233612149412554e-04 1.2923986575362835e-05 0.0000000000000000e+00
1.5606600000000001e-01 2.5282261141981047e-03 2.5114987571449596e-03 -3.5574257740183311e-03 2.1041692696385580e-04 8.0893182138383039e-06 0.0000000000000000e+00
1.7067299999999999e-01 3.3129025791301002e-03 2.8311481529721986e-03 -4.3486130363552160e-03 2.8335228003947810e-04 2.3767811744455329e-05 0.0000000000000000e+00
1.8179999999999999e-01 3.9754193616838001e-03 3.0849858879118176e-03 -5.0197890226290403e-03 3.5045183349396156e-04 1.7848949736192264e-05 0.0000000000000000e+00
1.8527900000000000e-01 4.1934812165993641e-03 3.1674707767739120e-03 -5.2420041552559598e-03 3.7356391688155493e-04 1.1264018948077109e-05 0.0000000000000000e+00
1.9664081629999999e-01 4.9431293139612182e-03 3.4532810933061175e-03 -6.0125185538740999e-03 4.5749617112711194e-04 3.8142243930403114e-05 0.0000000000000000e+00
1.9832727270000000e-01 5.0592751687588847e-03 3.4983564719079274e-03 -6.1329277800558548e-03 4.7113172214475422e-04 6.3964286078452282e-05 0.0000000000000000e+00
1.9988600000000001e-01 5.1676191999491649e-03 3.5408038981298109e-03 -6.2455930227257551e-03 4.8389452938607297e-04 1.1011873546307060e-05 0.0000000000000000e+00
2.1148163270000001e-01 6.0056126881552450e-03 3.8809464742241007e-03 -7.1262432665526697e-03 5.8804780902369652e-04 7.1308630205586096e-05 0.0000000000000000e+00
2.1449299999999999e-01 6.2322074548688102e-03 3.9777298822077480e-03 -7.3675774590194650e-03 6.1770931677328895e-04 5.8870199254803023e-05 0.0000000000000000e+00
2.1485454549999999e-01 6.2599270226232854e-03 3.9898889500746566e-03 -7.3972907272996102e-03 6.2129557239045698e-04 7.2885992647774489e-05 0.0000000000000000e+00
2.2632244900000001e-01 7.1589198994342048e-03 4.4024781900906008e-03 -8.3711505386925202e-03 7.4553980525709801e-04 5.2219173139089460e-05 0.0000000000000000e+00
2.2909900000000000e-01 7.3840530222330754e-03 4.5134493947673179e-03 -8.6191394280759649e-03 7.7842929382171595e-04 3.1141647831640484e-05 0.0000000000000000e+00
2.3138181820000001e-01 7.5717381554283097e-03 4.6088956852192902e-03 -8.8274141382726993e-03 8.0620055275046451e-04 2.7406919311509179e-05 0.0000000000000000e+00
2.4116326530000001e-01 8.3965746881384303e-03 5.0598297640263648e-03 -9.7586354677689554e-03 9.3461291742918148e-04 1.1548215597444813e-05 0.0000000000000000e+00
2.4370600000000001e-01 8.6165800073786346e-03 5.1897347160421896e-03 -1.0011837193709825e-02 9.7059849480580595e-04 5.4102234442093273e-05 0.0000000000000000e+00
2.4790909089999999e-01 8.9835987985410898e-03 5.4167131966676996e-03 -1.0439376431530450e-02 1.0322050535047165e-03 5.5645577863776761e-05 0.0000000000000000e+00
2.5600408159999999e-01 9.7064607002285506e-03 5.9039278983090198e-03 -1.1301613356570209e-02 1.1600109294269880e-03 3.3939564497322213e-05 0.0000000000000000e+00
2.5831300000000001e-01 9.9165688333034494e-03 6.0562625442339797e-03 -1.1557666447347950e-02 1.1989179902772565e-03 9.0887354410337462e-05 0.0000000000000000e+00
2.6443636360000000e-01 1.0475883177115080e-02 6.4893726707072451e-03 -1.2253568524483069e-02 1.3064283886953505e-03 2.6461928130307279e-05 0.0000000000000000e+00
2.7084489800000000e-01 1.1069011544009549e-02 6.9949729349117404e-03 -1.3015964568340510e-02 1.4276777486132710e-03 1.3972076192276271e-05 0.0000000000000000e+00
2.7291900000000002e-01 1.1263259177951171e-02 7.1720036301605502e-03 -1.3271861962453309e-02 1.4688072757343094e-03 1.1394798308748922e-04 0.0000000000000000e+00
2.8096363639999999e-01 1.2012652370231689e-02 7.9157262898485042e-03 -1.4292695067375724e-02 1.6380526517533775e-03 5.1028376334575292e-05 0.0000000000000000e+00
2.8568571430000000e-01 1.2451953280699224e-02 8.4024285936904249e-03 -1.4920160183642990e-02 1.7444822815165289e-03 6.1337170853298996e-05 0.0000000000000000e+00
2.8752600000000000e-01 1.2625660230393710e-02 8.6047026565022403e-03 -1.5174109157035589e-02 1.7881203875588811e-03 2.6008839298323862e-04 0.0000000000000000e+00
2.9749090909999998e-01 1.3533240797319655e-02 9.7988190510582048e-03 -1.6583745833419955e-02 2.0371592376134660e-03 9.5922398859364937e-05 0.0000000000000000e+00
3.0052653060000001e-01 1.3803825491441130e-02 1.0203102160018450e-02 -1.7034257120364174e-02 2.1187833888700294e-03 8.7910662383943326e-05 0.0000000000000000e+00
3.0213200000000001e-01 1.3947302577264800e-02 1.0426128938410465e-02 -1.7278798345310816e-02 2.1636705104371729e-03 1.5002962097655342e-04 0.0000000000000000e+00
3.1401818180000002e-01 1.4942962979120710e-02 1.2252451695138540e-02 -1.9159686507331995e-02 2.5170517762090061e-03 8.9319418153185854e-05 0.0000000000000000e+00
3.1536734690000001e-01 1.5049213482474694e-02 1.2481729204439745e-02 -1.9383843398277471e-02 2.5602081648494475e-03 9.2834446394385580e-05 0.0000000000000000e+00
3.1673899999999999e-01 1.5157215562262591e-02 1.2720801827322220e-02 -1.9616054711834474e-02 2.6052658234035140e-03 1.4339973745222491e-04 0.0000000000000000e+00
3.3020816330000002e-01 1.6078670183088426e-02 1.5324886628775930e-02 -2.1998263995459681e-02 3.0806703845587154e-03 5.8420909482889532e-05 0.0000000000000000e+00
3.3054545450000000e-01 1.6098750175087516e-02 1.5396864633901910e-02 -2.2061313051961854e-02 3.0936725763143894e-03 7.1297273182124510e-05 0.0000000000000000e+00
3.3134599999999997e-01 1.6147751483737548e-02 1.5571964844753355e-02 -2.2215174143469234e-02 3.1245932129559725e-03 2.3134003967980568e-04 0.0000000000000000e+00
3.4504897960000003e-01 1.6739761388518348e-02 1.8815582260960789e-02 -2.4913613576057717e-02 3.6945873276730224e-03 2.2719373584156385e-05 0.0000000000000000e+00
3.4595199999999998e-01 1.6766469225828948e-02 1.9053924768410242e-02 -2.5105946306612167e-02 3.7356962043811437e-03 1.9622800557352944e-04 0.0000000000000000e+00
3.4707272729999999e-01 1.6790385967184119e-02 1.9345953292990731e-02 -2.5336773767525966e-02 3.7861413897625875e-03 1.3161741950214571e-05 0.0000000000000000e+00
3.5988979589999998e-01 1.6824758425079547e-02 2.3022286717224880e-02 -2.8174287867453955e-02 4.4189137229081908e-03 4.2892296556515022e-06 0.0000000000000000e+00
3.6055900000000002e-01 1.6813294133114706e-02 2.3232654739819610e-02 -2.8334106214747874e-02 4.4552595335372713e-03 1.5854111748448777e-04 0.0000000000000000e+00
3.6359999999999998e-01 1.6725338213003545e-02 2.4190841605005575e-02 -2.9049337077790949e-02 4.6196466685046941e-03 1.5205191824838810e-05 0.0000000000000000e+00
3.7473061219999998e-01 1.6059157400266803e-02 2.7979913266705170e-02 -3.1834784605025493e-02 5.2755853872941154e-03 3.0486296199638851e-05 0.0000000000000000e+00
3.7516600000000000e-01 1.6023722258012959e-02 2.8141889912168781e-02 -3.1954922720724768e-02 5.3042317410995849e-03 1.7696888077824017e-04 0.0000000000000000e+00
3.8012727270000002e-01 1.5504151007253116e-02 2.9968713037909496e-02 -3.3280002067394031e-02 5.6250790875502152e-03 1.3561312544460627e-05 0.0000000000000000e+00
3.8957142859999999e-01 1.4089124640335744e-02 3.3667851537893062e-02 -3.5967243610843989e-02 6.2908543254324746e-03 2.3038976224756532e-05 0.0000000000000000e+00
3.8977200000000001e-01 1.4048406709827720e-02 3.3744242527639669e-02 -3.6020902390352320e-02 6.3031058947469196e-03 1.8540952418279535e-04 0.0000000000000000e+00
3.9665454550000001e-01 1.2598999793525800e-02 3.6610368503306824e-02 -3.8131669474337840e-02 6.8411739896134353e-03 4.4374158538576919e-06 0.0000000000000000e+00
4.0437899999999999e-01 1.0480090188009855e-02 3.9958970525441992e-02 -4.0658624439923574e-02 7.4939798612046098e-03 1.5914632248984853e-04 0.0000000000000000e+00
4.0441224490000000e-01 1.0470505320968364e-02 3.9967433533739348e-02 -4.0663760623163001e-02 7.4981312752541553e-03 3.2795422744649555e-05 0.0000000000000000e+00
4.1318181820000000e-01 7.3409955489877003e-03 4.3873708548241595e-02 -4.3750271163237722e-02 8.3167831994696642e-03 3.9056136601601877e-05 0.0000000000000000e+00
4.1898500000000000e-01 4.7893191069160014e-03 4.6474310502402749e-02 -4.5930759269250394e-02 8.9064773552542196e-03 1.6784846422761393e-04 0.0000000000000000e+00
4.1925306120000000e-01 4.6613617495271679e-03 4.6601286688561470e-02 -4.6041546524261352e-02 8.9352859441604957e-03 1.3802880348062303e-05 0.0000000000000000e+00
4.2970909089999998e-01 -1.0819629181864124e-03 5.1215008319727147e-02 -5.0329635524902501e-02 1.0111997192671770e-02 3.3752152844465096e-05 0.0000000000000000e+00
4.3359199999999998e-01 -3.6148946731497534e-03 5.2831979551861051e-02 -5.2020278225219402e-02 1.0584237624024049e-02 4.2809621547295018e-04 0.0000000000000000e+00
4.3409387760000001e-01 -3.9627575544748028e-03 5.3062690748269851e-02 -5.2270174996012247e-02 1.0650568204688545e-02 3.8279340821988223e-05 0.0000000000000000e+00
4.4623636360000002e-01 -1.3582849548562726e-02 5.7623494631692751e-02 -5.8152374043275903e-02 1.2296407096631275e-02 2.1303390750380063e-05 0.0000000000000000e+00
4.4819900000000001e-01 -1.5377480485402745e-02 5.8240364005010002e-02 -5.9170838339242901e-02 1.2584103347588240e-02 1.9711121438108591e-04 0.0000000000000000e+00
4.4893469390000001e-01 -1.6074293138001464e-02 5.8475377020379353e-02 -5.9573845952956249e-02 1.2694849135716385e-02 2.3691301940440042e-05 0.0000000000000000e+00
4.6276363640000001e-01 -3.1039672597178394e-02 6.1352171033955148e-02 -6.7633190316540553e-02 1.4942089252816209e-02 1.7562002178423222e-05 0.0000000000000000e+00
4.6280500000000002e-01 -3.1082878686399414e-02 6.1340850265605353e-02 -6.7642991689224496e-02 1.4945307489032970e-02 2.5305709316733078e-04 0.0000000000000000e+00
4.6377551020000002e-01 -3.2284772006237757e-02 6.1437256604496497e-02 -6.8280591120569945e-02 1.5120333065980920e-02 2.5692999667615340e-05 0.0000000000000000e+00
4.7861632650000002e-01 -5.2901696919359899e-02 5.9776815302254899e-02 -7.8860567458829356e-02 1.7957932193345575e-02 6.3213417689364557e-06 0.0000000000000000e+00
4.7929090910000000e-01 -5.3940446134259752e-02 5.9544837610596403e-02 -7.9396628850885095e-02 1.8096896811425092e-02 1.0686066494190996e-05 0.0000000000000000e+00
4.9345714289999998e-01 -7.7416668000505257e-02 5.0313322049552148e-02 -9.2021022732451704e-02 2.1174591610996139e-02 1.6502658452966056e-05 0.0000000000000000e+00
4.9581818179999998e-01 -8.1558315534867795e-02 4.7816156581181345e-02 -9.4415461793206298e-02 2.1711125281986168e-02 7.9405898268859566e-06 0.0000000000000000e+00
5.0829795919999998e-01 -1.0347246038904585e-01 2.8749741566511385e-02 -1.0881739995859176e-01 2.4558957242499187e-02 1.7746275544111984e-06 0.0000000000000000e+00
5.1234545450000002e-01 -1.1018423470277805e-01 2.0125484920829436e-02 -1.1422538725403525e-01 2.5444061971115262e-02 1.6106371719078669e-05 0.0000000000000000e+00
5.2313877549999999e-01 -1.2507266900778310e-01 -9.6887009665806052e-03 -1.3085085159502374e-01 2.7466012765498201e-02 1.5794056692254588e-05 0.0000000000000000e+00
5.2887272730000001e-01 -1.2989314683442860e-01 -2.9793751190995501e-02 -1.4123152654211099e-01 2.8159069684233141e-02 1.4557794952618491e-05 0.0000000000000000e+00
5.3797959179999999e-01 -1.3011105329144484e-01 -6.7520492168955101e-02 -1.6042160100194536e-01 2.8209712724309274e-02 1.2340289320889941e-05 0.0000000000000000e+00
5.4540000000000000e-01 -1.2061271330370051e-01 -1.0222035539274285e-01 -1.7892985147063076e-01 2.6659061252223559e-02 7.7872252323299318e-06 0.0000000000000000e+00
5.5282040820000000e-01 -9.9462601732200950e-02 -1.3775584834519139e-01 -2.0037864877402820e-01 2.2752155414388155e-02 6.3722254527708383e-06 0.0000000000000000e+00
5.6192727269999998e-01 -5.4515848593481853e-02 -1.7581269278072501e-01 -2.3092798031261705e-01 1.2843781201932240e-02 2.6215061112151308e-06 0.0000000000000000e+00
5.6766122450000001e-01 -1.5294730329323530e-02 -1.9158831307382010e-01 -2.5230798206186389e-01 2.3682911404662478e-03 1.1102209889987186e-06 0.0000000000000000e+00
5.7845454549999997e-01 7.4243050844417804e-02 -1.8971420414293394e-01 -2.9461522199690598e-01 -3.0170853434993566e-02 9.3453623433563720e-06 0.0000000000000000e+00
5.8250204080000001e-01 1.0859089120044940e-01 -1.7510771125308039e-01 -3.0980998233607210e-01 -4.7690840327605087e-02 5.6996588163414283e-06 0.0000000000000000e+00
5.9498181819999996e-01 1.8550045693063566e-01 -8.2181707808001006e-02 -3.4419519869715864e-01 -1.2114501216451380e-01 1.1716333982017964e-05 0.0000000000000000e+00
5.9734285710000001e-01 1.9137266536129416e-01 -5.8934909201998648e-02 -3.4716856483941705e-01 -1.3777516769849699e-01 9.5952287737539171e-06 0.0000000000000000e+00
6.1150909090000005e-01 1.5585212359955844e-01 7.0231691393021295e-02 -3.3206628992960024e-01 -2.4050306032637031e-01 1.1781613069839098e-05 0.0000000000000000e+00
6.1218367350000003e-01 1.5168063190843320e-01 7.4704881285056049e-02 -3.2995983709214877e-01 -2.4501839676115936e-01 1.5152764062796270e-05 0.0000000000000000e+00
6.2702448980000003e-01 4.6539379718922191e-02 1.1465166400670895e-01 -2.6350307413229052e-01 -3.2111611459193001e-01 1.3784008281019783e-05 0.0000000000000000e+00
6.2803636360000004e-01 4.0049391421838380e-02 1.1376950732282209e-01 -2.5822055532690891e-01 -3.2450642982173095e-01 1.4194946520614099e-05 0.0000000000000000e+00
