# Q = G M A_out^(2)/(A_1 A_2), strain amplitudes, Eq. (29); strain phases of Eq. (19) and (-1)^m' of Eq. (39) included; M = 1; r* = r + 2 log(r/2 - 1)
# sector=eee l1=2 m1=2 l2=3 m2=3 l=5 m=5 omega1=omega2=Momega_parent; symmetry factor: none (distinct parents)
# representative=1 order=0
# rel_err: |Q(domain 2) - Q(domain 1)|/|Q|, two outer integration radii
# Momega_parent Re_Qin Im_Qin Re_Qout Im_Qout rel_err gap_before
1.0000000000000000e-02 4.0028042028673941e-05 -1.5143473365230150e-05 -4.2794671390147312e-05 4.3015674383476952e-07 5.8623565878304432e-03 0.0000000000000000e+00
2.2176999999999999e-02 1.6757008842806150e-04 -1.2954555835832020e-04 -2.1175255328354531e-04 4.7584042689633016e-06 1.7376459734066623e-03 0.0000000000000000e+00
3.4354000000000003e-02 3.2286404837865478e-04 -4.0266936142886511e-04 -5.1580607712656994e-04 1.8108004236842400e-05 7.9113436121112826e-04 0.0000000000000000e+00
4.6531000000000003e-02 4.4198603629402248e-04 -8.5437287085816027e-04 -9.6082247394309588e-04 4.6096072619171548e-05 2.0418946486613860e-04 0.0000000000000000e+00
5.8708000000000003e-02 4.7170796211718028e-04 -1.4828718492494370e-03 -1.5531937634445550e-03 9.4903332480754309e-05 1.5479666352714204e-04 0.0000000000000000e+00
7.0885000000000004e-02 3.7252802753374331e-04 -2.2761448767588790e-03 -2.3000527614359350e-03 1.7138079247229119e-04 1.5560995795312749e-04 0.0000000000000000e+00
8.3061999999999997e-02 1.1828877902878871e-04 -3.2194096500691009e-03 -3.2091166195866148e-03 2.8314252689697571e-04 1.2254065031740526e-04 0.0000000000000000e+00
9.5239000000000004e-02 -3.0534189225208931e-04 -4.3001369864018122e-03 -4.2885895409090326e-03 4.3869283506603132e-04 2.6898110093089297e-05 0.0000000000000000e+00
1.0741600000000000e-01 -9.0264923192153151e-04 -5.5117803657002756e-03 -5.5475473002783550e-03 6.4759450715645803e-04 1.0577934982980536e-05 0.0000000000000000e+00
1.1959300000000000e-01 -1.6694645734711131e-03 -6.8555897731097789e-03 -6.9956565138866644e-03 9.2064694707728314e-04 1.0862288804583933e-05 0.0000000000000000e+00
1.3177000000000000e-01 -2.5941833913464061e-03 -8.3424098667973685e-03 -8.6437473682149067e-03 1.2700793290999861e-03 2.0603430298751192e-05 0.0000000000000000e+00
1.4394699999999999e-01 -3.6580686150631280e-03 -9.9929364395540711e-03 -1.0503445877833631e-02 1.7098328635436789e-03 3.1359209028056429e-05 0.0000000000000000e+00
1.5184500000000001e-01 -4.4105252250023494e-03 -1.1165272505194151e-02 -1.1828821994828310e-02 2.0508967948409560e-03 1.4040124627349044e-04 0.0000000000000000e+00
1.5612400000000001e-01 -4.8350140796018281e-03 -1.1838645352671999e-02 -1.2587970232375770e-02 2.2560718382004532e-03 7.1142141181040861e-06 0.0000000000000000e+00
1.6424051020000000e-01 -5.6662843499562078e-03 -1.3198938368702310e-02 -1.4110959508790891e-02 2.6889609062427469e-03 2.8943482062611907e-04 0.0000000000000000e+00
1.6830100000000001e-01 -6.0901582167565771e-03 -1.3921797713082430e-02 -1.4912354668976171e-02 2.9276033574560691e-03 5.2961365524839739e-06 0.0000000000000000e+00
1.7663602040000001e-01 -6.9711156973330576e-03 -1.5510970330491701e-02 -1.6649990461568079e-02 3.4707340738767420e-03 1.5885285668628261e-04 0.0000000000000000e+00
1.8047800000000000e-01 -7.3772944934347639e-03 -1.6294830855635999e-02 -1.7493423513028971e-02 3.7463631247027771e-03 5.1332781248985939e-07 0.0000000000000000e+00
1.8903153060000000e-01 -8.2682165213863387e-03 -1.8168339053212270e-02 -1.9470350760810839e-02 4.4230513896706134e-03 1.2219462620554068e-04 0.0000000000000000e+00
1.9265499999999999e-01 -8.6347343266384904e-03 -1.9018542363821712e-02 -2.0349066075258548e-02 4.7378544903477031e-03 5.9365852747363708e-05 0.0000000000000000e+00
2.0142704080000001e-01 -9.4770562633083102e-03 -2.1236936295713951e-02 -2.2588424461374181e-02 5.5755734254524817e-03 9.7411834603574652e-05 0.0000000000000000e+00
2.0483199999999999e-01 -9.7832632589356875e-03 -2.2168211983034959e-02 -2.3506863517819891e-02 5.9335424060866122e-03 7.5656535062416623e-05 0.0000000000000000e+00
2.1382255100000000e-01 -1.0496270700302080e-02 -2.4804402162559209e-02 -2.6040043182530670e-02 6.9665084646427684e-03 1.1944785439768024e-05 0.0000000000000000e+00
2.1700900000000001e-01 -1.0709287691605800e-02 -2.5806779384769350e-02 -2.6979437461690549e-02 7.3662065949637399e-03 1.8139975556089011e-04 0.0000000000000000e+00
2.2621806119999999e-01 -1.1182188366482271e-02 -2.8943470130852300e-02 -2.9847720673686101e-02 8.6375534046362317e-03 6.0350028972915731e-05 0.0000000000000000e+00
2.2918600000000000e-01 -1.1279374415601090e-02 -3.0032364179046110e-02 -3.0820823477273690e-02 9.0864251313682500e-03 4.1892595545446716e-05 0.0000000000000000e+00
2.3861357140000000e-01 -1.1351114872441569e-02 -3.3734260758524238e-02 -3.4054116166010000e-02 1.0644082003180439e-02 4.9819995448640786e-05 0.0000000000000000e+00
2.4136299999999999e-01 -1.1296435732186831e-02 -3.4894186259108000e-02 -3.5048305379984011e-02 1.1142172553465430e-02 1.3255607399588779e-05 0.0000000000000000e+00
2.5100908160000002e-01 -1.0755791519075700e-02 -3.9236579289540788e-02 -3.8708849400384313e-02 1.3050951290488480e-02 2.7936944257408671e-05 0.0000000000000000e+00
2.5353999999999999e-01 -1.0515404425188670e-02 -4.0459599031302550e-02 -3.9728819521453768e-02 1.3602029912789070e-02 2.1326508580221028e-04 0.0000000000000000e+00
2.6340459179999998e-01 -9.0733375863540563e-03 -4.5466598466109710e-02 -4.3871685020473769e-02 1.5938713457577729e-02 9.7063477063209468e-05 0.0000000000000000e+00
2.6571699999999998e-01 -8.6097242073270505e-03 -4.6712343517154198e-02 -4.4902675013926460e-02 1.6541679189340970e-02 1.8422273041656767e-04 0.0000000000000000e+00
2.7580010199999999e-01 -5.8880722803596880e-03 -5.2359815812357290e-02 -4.9618190262838653e-02 1.9403899125940420e-02 1.1789130596977675e-04 0.0000000000000000e+00
2.7789399999999997e-01 -5.1677552672051942e-03 -5.3588901835256060e-02 -5.0663453999872668e-02 2.0058693752425749e-02 2.3112189876647556e-04 0.0000000000000000e+00
2.8819561220000001e-01 -6.8832297391200334e-04 -5.9719635575664717e-02 -5.6054488541151172e-02 2.3568142652427591e-02 1.1175891396382470e-04 0.0000000000000000e+00
2.9007100000000002e-01 3.0971791273668272e-04 -6.0871085092421062e-02 -5.7114941188958733e-02 2.4276353889374890e-02 3.5854375800277335e-04 0.0000000000000000e+00
3.0059112240000002e-01 7.1168129853278299e-03 -6.7121846554097350e-02 -6.3319545749847064e-02 2.8580822645971029e-02 7.3474863061186491e-05 0.0000000000000000e+00
3.0224800000000002e-01 8.3952189583956973e-03 -6.8086550437441509e-02 -6.4372728213327055e-02 2.9324960127423989e-02 1.3417148227004704e-04 0.0000000000000000e+00
3.1298663269999999e-01 1.8131738760240278e-02 -7.3810759645412866e-02 -7.1613273131052729e-02 3.4623546153449473e-02 1.0158713266933700e-04 0.0000000000000000e+00
3.1442500000000001e-01 1.9639744060749208e-02 -7.4484556542545655e-02 -7.2647996456323014e-02 3.5398220482110450e-02 9.6291201189608532e-06 0.0000000000000000e+00
3.2538214290000000e-01 3.2793544892984632e-02 -7.8572022826700838e-02 -8.1199665746199676e-02 4.1919073426072199e-02 1.6266865598560750e-04 0.0000000000000000e+00
3.2660200000000000e-01 3.4423506822626702e-02 -7.8856917406963073e-02 -8.2200306988029964e-02 4.2708651133720577e-02 1.5256872718788462e-04 0.0000000000000000e+00
3.3777765310000002e-01 5.1077105632903769e-02 -7.9702131435197859e-02 -9.2443289617906196e-02 5.0723510985362291e-02 1.6786808523221365e-04 0.0000000000000000e+00
3.3877900000000000e-01 5.2703799236504742e-02 -7.9589639581417404e-02 -9.3456610177727509e-02 5.1518478362288102e-02 3.2136341030328784e-04 0.0000000000000000e+00
3.5017316329999998e-01 7.2104942579020448e-02 -7.5209855895507535e-02 -1.0586868416077989e-01 6.1333643557879340e-02 1.0354026580830710e-04 0.0000000000000000e+00
3.5095599999999999e-01 7.3458436151759440e-02 -7.4673009302590077e-02 -1.0676932928627179e-01 6.2057278244449378e-02 2.5288275839996008e-04 0.0000000000000000e+00
3.6256867349999999e-01 9.3865965599546825e-02 -6.3336613218415147e-02 -1.2223384311909199e-01 7.4083062192089016e-02 7.6772250958845057e-05 0.0000000000000000e+00
3.6313299999999998e-01 9.4712070229181919e-02 -6.2525999858613485e-02 -1.2291472353359049e-01 7.4629190228322873e-02 1.1596993181025750e-03 0.0000000000000000e+00
3.7496418370000001e-01 1.1332679938783780e-01 -4.3278195373060671e-02 -1.4260542980441751e-01 8.9292382454555119e-02 6.6423171497054294e-05 0.0000000000000000e+00
3.7500000000000000e-01 1.1337571664065170e-01 -4.3209363345187927e-02 -1.4267034875943471e-01 8.9340916588495523e-02 6.3137255911145603e-05 0.0000000000000000e+00
3.7530999999999998e-01 1.1374403253369920e-01 -4.2579409938816107e-02 -1.4317053958099091e-01 8.9704123031195279e-02 5.1302043904044375e-04 0.0000000000000000e+00
3.8735969390000002e-01 1.2711345586427589e-01 -1.5746629731757930e-02 -1.6850444248540519e-01 1.0719801702782460e-01 3.9289526953163982e-05 0.0000000000000000e+00
3.8748700000000003e-01 1.2725069315405529e-01 -1.5418922111594031e-02 -1.6886483452036549e-01 1.0740236915924251e-01 2.5360692556991072e-04 0.0000000000000000e+00
3.9078947370000000e-01 1.2953639538684819e-01 -7.0724503262926406e-03 -1.7693416328148601e-01 1.1264872628551410e-01 1.1673928977365153e-04 0.0000000000000000e+00
3.9966400000000002e-01 1.3230654673362191e-01 1.6829754760000669e-02 -2.0164412126889070e-01 1.2754109291430010e-01 9.2302546320068306e-04 0.0000000000000000e+00
3.9975520409999998e-01 1.3243932775226519e-01 1.7107299486989341e-02 -2.0213152774494611e-01 1.2781716680943120e-01 1.2895953116274646e-04 0.0000000000000000e+00
4.0657894740000000e-01 1.3107911209903919e-01 3.6407424823872762e-02 -2.2499673433561859e-01 1.4015226101394779e-01 1.3497769796222346e-04 0.0000000000000000e+00
4.1184100000000001e-01 1.2771447234366631e-01 5.1428564512972327e-02 -2.4509910516319389e-01 1.4986053968001231e-01 6.5014403466177992e-04 0.0000000000000000e+00
4.1215071430000000e-01 1.2754984286413040e-01 5.2332847902958730e-02 -2.4651610224234369e-01 1.5056916002751941e-01 8.8140791639440558e-05 0.0000000000000000e+00
4.2236842110000000e-01 1.1529498405276380e-01 8.0943786707021542e-02 -2.9419397550612320e-01 1.6979038343065850e-01 9.6132233521263179e-05 0.0000000000000000e+00
4.2401800000000001e-01 1.1251461177951200e-01 8.5313192278178421e-02 -3.0276915098703550e-01 1.7268204285515729e-01 8.2572796251901182e-04 0.0000000000000000e+00
4.2454622450000001e-01 1.1169518460894580e-01 8.6802799930976948e-02 -3.0593627109076699e-01 1.7375237164267901e-01 3.5630327649286794e-05 0.0000000000000000e+00
4.3619500000000000e-01 8.6617442460594163e-02 1.1578720999613699e-01 -3.8087593472177761e-01 1.9243584036511441e-01 8.2839096530424987e-04 0.0000000000000000e+00
4.3694173469999997e-01 8.4621281067109380e-02 1.1734036365287770e-01 -3.8606121117131509e-01 1.9330760148744089e-01 6.9503132551571582e-05 0.0000000000000000e+00
4.3815789469999999e-01 8.1359721741699545e-02 1.1999166440619220e-01 -3.9528477779510812e-01 1.9476696845778951e-01 8.0677795315686504e-05 0.0000000000000000e+00
4.4837199999999999e-01 4.9786222257710330e-02 1.3891807461743511e-01 -4.8446190410106538e-01 2.0103532495925361e-01 1.0985167658934033e-03 0.0000000000000000e+00
4.4933724489999999e-01 4.6359788351624028e-02 1.4014965950443040e-01 -4.9338394961948617e-01 2.0061708951893190e-01 1.9988993486751144e-05 0.0000000000000000e+00
4.5394736840000000e-01 2.9409796398274742e-02 1.4566915280047071e-01 -5.4140858897560351e-01 1.9719216680041221e-01 1.4781796622892041e-05 0.0000000000000000e+00
4.6054800000000001e-01 2.8836137763799011e-03 1.4994352876332040e-01 -6.1874447282786393e-01 1.8311319916093269e-01 8.8825971255235769e-04 0.0000000000000000e+00
4.6173275510000000e-01 -2.0951322662645330e-03 1.5001341795916651e-01 -6.3292160554205534e-01 1.7905787916194510e-01 8.7122167247446290e-05 0.0000000000000000e+00
4.6973684210000000e-01 -3.7097409512166050e-02 1.4616802753721689e-01 -7.3861925386577698e-01 1.3713475694691929e-01 2.5589486672529603e-05 0.0000000000000000e+00
4.7412826530000002e-01 -5.6585465487382983e-02 1.3974235557512890e-01 -7.9966540144205911e-01 1.0069892961458800e-01 4.6182141032866239e-05 0.0000000000000000e+00
4.8552631580000000e-01 -1.0253131931321390e-01 1.0681093882285719e-01 -9.5066561900364455e-01 -5.0366656250308117e-02 3.1652003316496330e-05 0.0000000000000000e+00
4.8652377549999998e-01 -1.0588620931035631e-01 1.0282592635467130e-01 -9.6219706471754052e-01 -6.7781392062570459e-02 8.9964213094136501e-05 0.0000000000000000e+00
4.9891928569999999e-01 -1.3086656350193651e-01 4.2448617909743011e-02 -1.0503113519746139e+00 -3.3218524148309381e-01 5.2799746240297136e-05 0.0000000000000000e+00
5.0131578950000000e-01 -1.3139489882031360e-01 2.9641544118818981e-02 -1.0520421505488591e+00 -3.9003313334804479e-01 8.2566278171304454e-05 0.0000000000000000e+00
5.0361924999999996e-01 -1.3047572409446800e-01 1.7467986188776721e-02 -1.0481934612189949e+00 -4.4600232224813507e-01 9.3740575412164714e-05 0.0000000000000000e+00
5.0868075000000001e-01 -1.2376678726899740e-01 -7.7951789739603974e-03 -1.0206777033250600e+00 -5.6626424985649848e-01 2.1403277743471666e-05 0.0000000000000000e+00
5.1131479589999995e-01 -1.1802228985144980e-01 -1.9625013521719321e-02 -9.9676705911460639e-01 -6.2537358180769564e-01 1.0232699143083620e-04 0.0000000000000000e+00
5.1222380000000001e-01 -1.1572887796163681e-01 -2.3442693994080270e-02 -9.8708198175490802e-01 -6.4497138411152644e-01 1.3769558005857706e-04 0.0000000000000000e+00
5.1627299999999998e-01 -1.0391903994722031e-01 -3.8520083160628930e-02 -9.3620829380196968e-01 -7.2568600669764927e-01 1.2532207023699092e-04 0.0000000000000000e+00
5.1710526320000005e-01 -1.0122709054243750e-01 -4.1207121341552931e-02 -9.2436528646590610e-01 -7.4083421450634768e-01 1.0272826619222954e-04 0.0000000000000000e+00
5.2133450000000003e-01 -8.6666671977709234e-02 -5.2586412169503258e-02 -8.5887538852153378e-01 -8.0947169304107025e-01 6.3943330737022074e-05 0.0000000000000000e+00
5.2371030610000002e-01 -7.8113415880263118e-02 -5.7315267684868387e-02 -8.1916634018496315e-01 -8.4164620749963404e-01 2.4809568944782199e-05 0.0000000000000000e+00
