# Q = G M A_out^(2)/(A_1 A_2), strain amplitudes, Eq. (29); strain phases of Eq. (19) and (-1)^m' of Eq. (39) included; M = 1; r* = r + 2 log(r/2 - 1)
# sector=eoo l1=2 m1=2 l2=3 m2=3 l=5 m=5 omega1=omega2=Momega_parent; symmetry factor: none (distinct parents)
# representative=0 order=1
# rel_err: |Q(domain 2) - Q(domain 1)|/|Q|, two outer integration radii
# Momega_parent Re_Qin Im_Qin Re_Qout Im_Qout rel_err gap_before
1.0000000000000000e-02 -2.3447098034000000e-05 8.9050216243000004e-06 -2.5080091228999998e-05 2.3418000282999999e-07 1.1354015397795014e-02 0.0000000000000000e+00
2.2176999999999999e-02 -9.8686807177000000e-05 7.6743592745999995e-05 -1.2498739861000000e-04 2.6105802301000000e-06 8.2326593155178580e-04 0.0000000000000000e+00
3.4354000000000003e-02 -1.9006253987000001e-04 2.3919902013999999e-04 -3.0535315089999998e-04 9.9696421437999992e-06 4.4781296264427986e-05 0.0000000000000000e+00
4.6531000000000003e-02 -2.5942121178000003e-04 5.0890592994000004e-04 -5.7064487155999999e-04 2.5476395251000001e-05 2.8951936187749777e-04 0.0000000000000000e+00
5.8708000000000003e-02 -2.7434062013000001e-04 8.8550525707999995e-04 -9.2553205088000004e-04 5.2657622031999999e-05 1.0856073235019088e-05 0.0000000000000000e+00
7.0885000000000004e-02 -2.1023834767000001e-04 1.3623280933000000e-03 -1.3751453741000000e-03 9.5465778118000000e-05 2.4618989842002111e-04 0.0000000000000000e+00
8.3061999999999997e-02 -5.0303583665000001e-05 1.9308932274000000e-03 -1.9250476480999999e-03 1.5834674725999999e-04 1.6773004246407392e-04 0.0000000000000000e+00
9.5239000000000004e-02 2.1531611159000000e-04 2.5839850641000001e-03 -2.5812172148000001e-03 2.4631678223999999e-04 1.7836739873217471e-05 0.0000000000000000e+00
1.0741600000000000e-01 5.9051595623000003e-04 3.3177955385999998e-03 -3.3501143416000000e-03 3.6506018078000002e-04 1.0296280207589143e-05 0.0000000000000000e+00
1.1959300000000000e-01 1.0741375320000000e-03 4.1333513260999998e-03 -4.2387596415999996e-03 5.2104987853999996e-04 1.7495054577551860e-05 0.0000000000000000e+00
1.3177000000000000e-01 1.6605875277999999e-03 5.0374584042999996e-03 -5.2548436157000000e-03 7.2169919420999999e-04 8.9822813014017090e-06 0.0000000000000000e+00
1.4394699999999999e-01 2.3400374042000000e-03 6.0432641459000000e-03 -6.4068109289000001e-03 9.7554550701000004e-04 2.5390627861971550e-05 0.0000000000000000e+00
1.5184500000000001e-01 2.8238907075136708e-03 6.7590922256210049e-03 -7.2309993753088466e-03 1.1732397267771391e-03 2.0360812636259593e-04 0.0000000000000000e+00
1.5612400000000001e-01 3.0981186925999999e-03 7.1705801109000003e-03 -7.7039614109000003e-03 1.2924765472000000e-03 1.5151921235935321e-06 0.0000000000000000e+00
1.6424051020000000e-01 3.6376229803245239e-03 8.0024078856885134e-03 -8.6543211053945381e-03 1.5443916449911740e-03 2.0992832112845693e-04 0.0000000000000000e+00
1.6830100000000001e-01 3.9150840532000001e-03 8.4460922474000003e-03 -9.1566604403000001e-03 1.6840293327000000e-03 2.8449977899488538e-07 0.0000000000000000e+00
1.7663602040000001e-01 4.4948360239725057e-03 9.4216127363492448e-03 -1.0246619617028789e-02 2.0019597840296578e-03 1.6135027234474327e-04 0.0000000000000000e+00
1.8047800000000000e-01 4.7642755484000000e-03 9.9032655846999999e-03 -1.0776473871000000e-02 2.1637445247999999e-03 1.6320474029476177e-06 0.0000000000000000e+00
1.8903153060000000e-01 5.3612143748520448e-03 1.1056750482429730e-02 -1.2021184116345821e-02 2.5619416778070630e-03 8.6217065853710985e-05 0.0000000000000000e+00
1.9265499999999999e-01 5.6098855035999996e-03 1.1582082640000000e-02 -1.2576475742000000e-02 2.7476375213000000e-03 2.0034444480266295e-06 0.0000000000000000e+00
2.0142704080000001e-01 6.1904197283234336e-03 1.2954392811766770e-02 -1.3993181998823529e-02 3.2434151261066858e-03 1.4022873525758490e-05 0.0000000000000000e+00
2.0483199999999999e-01 6.4038191022999999e-03 1.3528320862000001e-02 -1.4571618978000000e-02 3.4547931172000000e-03 1.5575679475395117e-06 0.0000000000000000e+00
2.1382255100000000e-01 6.9198146731173377e-03 1.5166216165616401e-02 -1.6180026589079830e-02 4.0692787839980166e-03 4.1538156939045717e-05 0.0000000000000000e+00
2.1700900000000001e-01 7.0815143268999998e-03 1.5792142942000001e-02 -1.6779286332000001e-02 4.3081425703999999e-03 5.7220657702971681e-07 0.0000000000000000e+00
2.2621806119999999e-01 7.4649892288539150e-03 1.7746678307524140e-02 -1.8602245871159051e-02 5.0672856788871734e-03 2.7066464660352982e-05 0.0000000000000000e+00
2.2918600000000000e-01 7.5563658337000003e-03 1.8425180558999998e-02 -1.9219747004999999e-02 5.3353778419999998e-03 6.4814604578574253e-07 0.0000000000000000e+00
2.3861357140000000e-01 7.7126029423602374e-03 2.0748459032947541e-02 -2.1284382913856328e-02 6.2713001025768121e-03 2.6581777942906202e-05 0.0000000000000000e+00
2.4136299999999999e-01 7.7128929581000002e-03 2.1475904277999999e-02 -2.1917295005000000e-02 6.5702344238999996e-03 3.5832318944046833e-06 0.0000000000000000e+00
2.5100908160000002e-01 7.5115905199877164e-03 2.4214472878434191e-02 -2.4256260958721909e-02 7.7229109816352058e-03 2.9778337305849930e-05 0.0000000000000000e+00
2.5353999999999999e-01 7.3984085379000001e-03 2.4981498801000000e-02 -2.4901731502999999e-02 8.0541174102000002e-03 3.9477851065636196e-06 0.0000000000000000e+00
2.6340459179999998e-01 6.6631653496429079e-03 2.8164429486391571e-02 -2.7554963125152501e-02 9.4735077657535950e-03 2.3584800724328734e-05 0.0000000000000000e+00
2.6571699999999998e-01 6.4136624637999998e-03 2.8953902883000000e-02 -2.8210182617000000e-02 9.8380949072999994e-03 3.4292905620519263e-06 0.0000000000000000e+00
2.7580010199999999e-01 4.9112631230351410e-03 3.2572884548961858e-02 -3.1227989126070211e-02 1.1587042178269389e-02 5.2394307682346095e-06 0.0000000000000000e+00
2.7789399999999997e-01 4.5043472549000001e-03 3.3356706831999997e-02 -3.1889383027000000e-02 1.1985235382000000e-02 1.0411416735737413e-06 0.0000000000000000e+00
2.8819561220000001e-01 1.9374248812298260e-03 3.7333262114218620e-02 -3.5336795114318642e-02 1.4143117826809630e-02 3.7616899119695565e-06 0.0000000000000000e+00
2.9007100000000002e-01 1.3584546964000000e-03 3.8071469879000001e-02 -3.6001173070000003e-02 1.4574265528000001e-02 3.9983089554053111e-06 0.0000000000000000e+00
3.0059112240000002e-01 -2.6298674131761692e-03 4.2206196102590951e-02 -3.9963583429338867e-02 1.7241297179549569e-02 7.1278849732064071e-06 0.0000000000000000e+00
3.0224800000000002e-01 -3.3820402261000001e-03 4.2845132187999999e-02 -4.0626776807999997e-02 1.7702793692999999e-02 1.2796961797067171e-06 0.0000000000000000e+00
3.1298663269999999e-01 -9.1745848380465813e-03 4.6750770120907087e-02 -4.5220012874274192e-02 2.1005831577589680e-02 7.8057250191973331e-06 0.0000000000000000e+00
3.1442500000000001e-01 -1.0077305296000000e-02 4.7227248947999997e-02 -4.5877034076000002e-02 2.1492375865000000e-02 3.7993182460908349e-07 0.0000000000000000e+00
3.2538214290000000e-01 -1.7996038469977760e-02 5.0256060139003980e-02 -5.1260706308244607e-02 2.5591151732440070e-02 1.9821424330873450e-05 0.0000000000000000e+00
3.2660200000000000e-01 -1.8991892031000001e-02 5.0509133884000003e-02 -5.1904981406000000e-02 2.6093501604000001e-02 8.7341889286596191e-07 0.0000000000000000e+00
3.3777765310000002e-01 -2.9135800874029470e-02 5.1718349432369498e-02 -5.8303530259296431e-02 3.1187646198333471e-02 1.8266820849939396e-05 0.0000000000000000e+00
3.3877900000000000e-01 -3.0127425671000001e-02 5.1711405940000003e-02 -5.8924546703000000e-02 3.1690369368000001e-02 5.8388703372868353e-08 0.0000000000000000e+00
3.5017316329999998e-01 -4.2150025883240870e-02 4.9941391876542549e-02 -6.6659099693641144e-02 3.8025990061573013e-02 1.1410728880162338e-05 0.0000000000000000e+00
3.5095599999999999e-01 -4.3012717175999998e-02 4.9693269327000002e-02 -6.7239992129999995e-02 3.8505381376999999e-02 6.2117464701973620e-07 0.0000000000000000e+00
3.6256867349999999e-01 -5.5936683454779618e-02 4.3826210537200268e-02 -7.6775719290009758e-02 4.6378068119985252e-02 3.7565159043162851e-06 0.0000000000000000e+00
3.6313299999999998e-01 -5.6556523676000003e-02 4.3432641437999998e-02 -7.7287698727000004e-02 4.6799128220000000e-02 4.3513555227534407e-06 0.0000000000000000e+00
3.7496418370000001e-01 -6.8795391152666932e-02 3.2791807093409328e-02 -8.9305716297407675e-02 5.6548028267841222e-02 1.4971176333041962e-05 0.0000000000000000e+00
3.7500000000000000e-01 -6.8829324774762349e-02 3.2752829673630357e-02 -8.9346258433063916e-02 5.6580361232865098e-02 1.5112680816626616e-05 0.0000000000000000e+00
3.7530999999999998e-01 -6.9121614326000003e-02 3.2414228295999999e-02 -8.9697839663000004e-02 5.6860535816999999e-02 6.9489017320926154e-07 0.0000000000000000e+00
3.8735969390000002e-01 -7.8803325227545032e-02 1.7087282751392631e-02 -1.0520460175108939e-01 6.8842383655700903e-02 3.4632626495616733e-05 0.0000000000000000e+00
3.8748700000000003e-01 -7.8885029676999993e-02 1.6905525168000000e-02 -1.0538932152000000e-01 6.8980360190999998e-02 2.2056839491501536e-06 0.0000000000000000e+00
3.9078947370000000e-01 -8.0835439045327723e-02 1.2041546804958000e-02 -1.1037312845523820e-01 7.2654468864747260e-02 3.5652430017127338e-05 0.0000000000000000e+00
3.9966400000000002e-01 -8.4293053586000005e-02 -2.1025332642000002e-03 -1.2570193051000000e-01 8.3377518885000002e-02 6.0475947728044475e-07 0.0000000000000000e+00
3.9975520409999998e-01 -8.4314214251451317e-02 -2.2554628879995621e-03 -1.2587672040232931e-01 8.3494626081086765e-02 3.8131984056285370e-05 0.0000000000000000e+00
4.0657894740000000e-01 -8.5008076440622748e-02 -1.3935895337890979e-02 -1.4000768420177309e-01 9.2582293091085593e-02 3.8970536318331713e-05 0.0000000000000000e+00
4.1184100000000001e-01 -8.4303034919000000e-02 -2.3234906807000001e-02 -1.5259114204999999e-01 1.0004556780000000e-01 2.8196354551282540e-06 0.0000000000000000e+00
4.1215071430000000e-01 -8.4226379767547863e-02 -2.3788244696531780e-02 -1.5338432785857489e-01 1.0049618179608789e-01 3.8610346983064532e-05 0.0000000000000000e+00
4.2236842110000000e-01 -7.9459229417047236e-02 -4.2112588853950500e-02 -1.8328322708463751e-01 1.1587444396195720e-01 3.5048746695679057e-05 0.0000000000000000e+00
4.2401800000000001e-01 -7.8268917086999998e-02 -4.5056407680000000e-02 -1.8887892042000001e-01 1.1841452839000000e-01 1.3150871996199715e-06 0.0000000000000000e+00
4.2454622450000001e-01 -7.7862015110858523e-02 -4.5997371456786583e-02 -1.9072382758006359e-01 1.1922992483594889e-01 3.4217195379479015e-05 0.0000000000000000e+00
4.3619500000000000e-01 -6.5641652957999994e-02 -6.6097094004999996e-02 -2.3852391494000000e-01 1.3666985727000000e-01 2.1191223951149028e-06 0.0000000000000000e+00
4.3694173469999997e-01 -6.4637642947970350e-02 -6.7325102545537127e-02 -2.4211481331128459e-01 1.3770683603674530e-01 2.8315086115485767e-05 0.0000000000000000e+00
4.3815789469999999e-01 -6.2944989390992426e-02 -6.9301973986929027e-02 -2.4811167332967679e-01 1.3935838603907380e-01 2.7855854463557442e-05 0.0000000000000000e+00
4.4837199999999999e-01 -4.5759299575000002e-02 -8.4496254551000002e-02 -3.0665325786999997e-01 1.5037905776999999e-01 3.2058243129464907e-06 0.0000000000000000e+00
4.4933724489999999e-01 -4.3852296050316958e-02 -8.5766142454298241e-02 -3.1301432637932530e-01 1.5104028818816689e-01 2.1077556897748031e-05 0.0000000000000000e+00
4.5394736840000000e-01 -3.4060351594340288e-02 -9.1296902857166309e-02 -3.4553131554234190e-01 1.5282464621906269e-01 1.9692940570422560e-05 0.0000000000000000e+00
4.6054800000000001e-01 -1.8079726928999999e-02 -9.7313048434000002e-02 -3.9854697387999999e-01 1.5008746930000000e-01 1.3930365942275226e-06 0.0000000000000000e+00
4.6173275510000000e-01 -1.4977606490024820e-02 -9.8101473214524407e-02 -4.0887361158452079e-01 1.4873700299854789e-01 1.9387261201764451e-05 0.0000000000000000e+00
4.6973684210000000e-01 7.6244228774391852e-03 -1.0047056382662679e-01 -4.8475176060802389e-01 1.3025539402126099e-01 2.0789426274940348e-05 0.0000000000000000e+00
4.7412826530000002e-01 2.0939473866459061e-02 -9.9136362672708131e-02 -5.3009832099193788e-01 1.1138008733186811e-01 2.1999782065555786e-05 0.0000000000000000e+00
4.8552631580000000e-01 5.5397498756143380e-02 -8.4634351509011746e-02 -6.4999256533441063e-01 2.3038868923770099e-02 2.4447099746020761e-05 0.0000000000000000e+00
4.8652377549999998e-01 5.8178656501383798e-02 -8.2539440779675996e-02 -6.5983024952553093e-01 1.2224091082051670e-02 2.4504310218818259e-05 0.0000000000000000e+00
4.9891928569999999e-01 8.3919942702746206e-02 -4.6622452409229707e-02 -7.5137557678728628e-01 -1.6217535169792549e-01 2.2982621639351311e-05 0.0000000000000000e+00
5.0131578950000000e-01 8.6295631790315908e-02 -3.8172515642511992e-02 -7.5948119985596541e-01 -2.0253918961313641e-01 2.2146974028871679e-05 0.0000000000000000e+00
5.1131479589999995e-01 8.5204041248461801e-02 -2.8500237280190480e-03 -7.4970489747516789e-01 -3.7545192129232280e-01 3.5855679061443010e-05 0.0000000000000000e+00
5.1710526320000005e-01 7.7291899374415912e-02 1.4634616754717699e-02 -7.1343607929470421e-01 -4.6690101709830989e-01 3.1969045039829164e-05 0.0000000000000000e+00
5.2371030610000002e-01 6.4039488475130163e-02 2.9601033999872069e-02 -6.5216181628958092e-01 -5.5326867728076490e-01 2.5752862540396718e-05 0.0000000000000000e+00
