# Q = G M A_out^(2)/(A_1 A_2), strain amplitudes, Eq. (29); strain phases of Eq. (19) and (-1)^m' of Eq. (39) included; M = 1; r* = r + 2 log(r/2 - 1)
# sector=eoo l1=2 m1=2 l2=2 m2=-2 l=2 m=0 omega1=omega2=Momega_parent; symmetry factor: none (distinct parents)
# representative=0 order=1
# rel_err: |Q(domain 2) - Q(domain 1)|/|Q|, two outer integration radii
# Momega_parent Re_Qin Im_Qin Re_Qout Im_Qout rel_err gap_before
5.0000000000000001e-04 -1.4141722770000000e-07 3.9005879379999997e-09 1.4147091910000000e-07 1.6097945770000000e-10 0.0000000000000000e+00 0.0000000000000000e+00
1.0000000000000000e-03 -5.6583298729999997e-07 2.8085791580000001e-08 5.6652812310000002e-07 1.2911162500000000e-09 0.0000000000000000e+00 0.0000000000000000e+00
2.5000000000000001e-03 -3.5369963810000001e-06 3.7486710400000000e-07 3.5567477530000001e-06 2.0351158329999998e-08 0.0000000000000000e+00 0.0000000000000000e+00
5.0000000000000001e-03 -1.4095886070000001e-05 2.6118219179999998e-06 1.4334863769999999e-05 1.6522263010000000e-07 0.0000000000000000e+00 0.0000000000000000e+00
6.0000000000000001e-03 -2.0247285990000000e-05 4.3364182340000004e-06 2.0704459250000002e-05 2.8719346210000000e-07 0.0000000000000000e+00 0.0000000000000000e+00
7.0000000000000001e-03 -2.7477354239999999e-05 6.6479081040000001e-06 2.8266397290000001e-05 4.5876165719999998e-07 0.0000000000000000e+00 0.0000000000000000e+00
8.0000000000000002e-03 -3.5768997990000001e-05 9.6144995280000000e-06 3.7032218980000000e-05 6.8889489849999995e-07 0.0000000000000000e+00 0.0000000000000000e+00
8.9999999999999993e-03 -4.5101734290000000e-05 1.3299595049999999e-05 4.7011403120000001e-05 9.8673261859999999e-07 0.0000000000000000e+00 0.0000000000000000e+00
1.0000000000000000e-02 -5.5455684697405737e-05 1.7763180889309718e-05 5.8215199219663340e-05 1.3616682369948889e-06 1.6329840409687229e-04 0.0000000000000000e+00
1.1450475700000001e-02 -7.2245839262114039e-05 2.5735957810490331e-05 7.6665171182283137e-05 2.0621209310671832e-06 1.4136962472789804e-04 0.0000000000000000e+00
1.3111339370000001e-02 -9.3970642992866562e-05 3.7228983995299870e-05 1.0102821830870050e-04 3.1269952532858329e-06 1.0941570112495786e-04 0.0000000000000000e+00
1.4409999999999999e-02 -1.1273101060000001e-04 4.8100194232000001e-05 1.2249249744000000e-04 4.1830022819000002e-06 6.5153951710928012e-04 0.0000000000000000e+00
1.5013107289999999e-02 -1.2199657134000340e-04 5.3761382487065541e-05 1.3323249217346599e-04 4.7489678245669021e-06 7.0571926399515801e-05 0.0000000000000000e+00
1.7190722020000000e-02 -1.5802621844976459e-04 7.7487584092236246e-05 1.7585338395150751e-04 7.2248709913595066e-06 4.1856114046814839e-05 0.0000000000000000e+00
1.8818999999999999e-02 -1.8758236873000000e-04 9.8810962296000003e-05 2.1179966712000001e-04 9.5735227704999994e-06 4.4177079179890115e-04 0.0000000000000000e+00
1.9684194469999999e-02 -2.0414987829381641e-04 1.1144488744682239e-04 2.3232700952354769e-04 1.1013464464159961e-05 8.5300090393523927e-06 0.0000000000000000e+00
2.2539339049999999e-02 -2.6292825875931270e-04 1.5990834368682390e-04 3.0727637414320220e-04 1.6827880482881121e-05 4.7452362113245516e-05 0.0000000000000000e+00
2.3227999999999999e-02 -2.7803224921000002e-04 1.7322643599000000e-04 3.2705828770000003e-04 1.8498816691999999e-05 2.7500111685646112e-04 0.0000000000000000e+00
2.5808615399999998e-02 -3.3745877515145318e-04 2.2886329211345199e-04 4.0693008704163611e-04 2.5782470775294929e-05 4.7989993686855724e-05 0.0000000000000000e+00
2.7637999999999999e-02 -3.8228994224000001e-04 2.7406232102000002e-04 4.6928667911000003e-04 3.2027625918000003e-05 1.3927721898033263e-04 0.0000000000000000e+00
2.9552092350000000e-02 -4.3143647871178142e-04 3.2663341335546032e-04 5.3968188098088002e-04 3.9626882021510790e-05 4.3261399478660612e-05 0.0000000000000000e+00
3.2046999999999999e-02 -4.9878848132000003e-04 4.0355092065999998e-04 6.3953686079000005e-04 5.1341013378999997e-05 4.2504736604171930e-05 0.0000000000000000e+00
3.3838551529999997e-02 -5.4929687085722597e-04 4.6476323045412511e-04 7.1693432174357169e-04 6.1131770100827042e-05 2.4951194529961504e-05 0.0000000000000000e+00
3.6457000000000003e-02 -6.2623789151000002e-04 5.6354084710999995e-04 8.3887323744999995e-04 7.7742392888999995e-05 6.6148746488295641e-06 0.0000000000000000e+00
3.8746751199999999e-02 -6.9640873526424102e-04 6.5917628570962331e-04 9.5421531543930457e-04 9.4718760430758059e-05 1.1013505260031519e-06 0.0000000000000000e+00
4.0867000000000001e-02 -7.6368113486000001e-04 7.5558333375999999e-04 1.0683728668000000e-03 1.1266980249000000e-04 2.5060093874908925e-05 0.0000000000000000e+00
4.4366873309999999e-02 -8.7951298095890020e-04 9.3174556486311612e-04 1.2727656496535540e-03 1.4751448447716711e-04 1.9714169392828087e-05 0.0000000000000000e+00
4.5275999999999997e-02 -9.1054722061000004e-04 9.8101096128999990e-04 1.3291372883000000e-03 1.5771133981999999e-04 2.7327794928279693e-05 0.0000000000000000e+00
4.9686000000000001e-02 -1.0666875199000000e-03 1.2409954339000001e-03 1.6222914258000000e-03 2.1462199335999999e-04 2.6370082376644378e-05 0.0000000000000000e+00
5.0802180470000000e-02 -1.1077335496415880e-03 1.3124546712089610e-03 1.7018174256142691e-03 2.3114607218863051e-04 3.4135140521625610e-05 0.0000000000000000e+00
5.4094999999999997e-02 -1.2324020465000001e-03 1.5365842059000001e-03 1.9489706260999999e-03 2.8534132833999998e-04 2.6698284695573218e-05 0.0000000000000000e+00
5.8170913290000001e-02 -1.3947657251316731e-03 1.8423076931996731e-03 2.2817439627106409e-03 3.6484836168428222e-04 3.6528695813925297e-05 0.0000000000000000e+00
5.8505000000000001e-02 -1.4084665763999999e-03 1.8687242633000001e-03 2.3103063771999998e-03 3.7201308655999998e-04 2.6119338708623098e-05 0.0000000000000000e+00
6.2913999999999998e-02 -1.5961737759999999e-03 2.2382904882999998e-03 2.7074301009000000e-03 4.7701061442000000e-04 2.2797362177060490e-05 0.0000000000000000e+00
6.6608462909999999e-02 -1.7637446861536951e-03 2.5773529552754870e-03 3.0685473848966189e-03 5.8100259097887982e-04 2.8323604719113769e-05 0.0000000000000000e+00
6.7322999999999994e-02 -1.7973708608000000e-03 2.6460972722999999e-03 3.1414661357000002e-03 6.0296537060000003e-04 1.7640208086095298e-05 0.0000000000000000e+00
7.1733000000000005e-02 -2.0145010360999999e-03 3.0928980756000000e-03 3.6135208734000002e-03 7.5280002816000002e-04 1.2672106756332915e-05 0.0000000000000000e+00
7.6143000000000002e-02 -2.2506455712000000e-03 3.5793642185000000e-03 4.1246583512000003e-03 9.2976506824999998e-04 8.5448256451475045e-06 0.0000000000000000e+00
7.6269858590000003e-02 -2.2577909099559452e-03 3.5940196015373620e-03 4.1400234432708988e-03 9.3531747878385378e-04 1.5486455490434145e-05 0.0000000000000000e+00
8.0551999999999999e-02 -2.5095780387999998e-03 4.1060559949000000e-03 4.6758785494000000e-03 1.1374831691000000e-03 4.7640038560643432e-06 0.0000000000000000e+00
8.4960999999999995e-02 -2.7958342589000000e-03 4.6733895351999998e-03 5.2681022349999997e-03 1.3800051815999999e-03 2.1672540328936292e-06 0.0000000000000000e+00
8.7332616239999994e-02 -2.9629068347821110e-03 4.9953567774348529e-03 5.6038079229575382e-03 1.5263751297032271e-03 1.1807617741913987e-05 0.0000000000000000e+00
8.9371000000000006e-02 -3.1147838276000001e-03 5.2815710742000000e-03 5.9021310835000000e-03 1.6618731549999999e-03 1.3037861848121191e-06 0.0000000000000000e+00
9.3781000000000003e-02 -3.4727148789000001e-03 5.9305092238999997e-03 6.5785976271999997e-03 1.9881959065000000e-03 2.2238936632622664e-06 0.0000000000000000e+00
9.8190000000000000e-02 -3.8769283605000000e-03 6.6196912775000000e-03 7.2978915303999999e-03 2.3647368196999998e-03 3.8243874358950576e-06 0.0000000000000000e+00
1.0000000000000001e-01 -4.0581733583085252e-03 6.9140192904686044e-03 7.6055855128851890e-03 2.5353294651288441e-03 2.7549363865407416e-05 0.0000000000000000e+00
1.0259900000000000e-01 -4.3358496445000004e-03 7.3480268768000003e-03 8.0600688923999995e-03 2.7980202163000001e-03 4.7207845834454041e-06 0.0000000000000000e+00
1.0700900000000001e-01 -4.8591561820000000e-03 8.1136480855000005e-03 8.8647355208000007e-03 3.2954585806000002e-03 5.1968270166805627e-06 0.0000000000000000e+00
1.1141900000000000e-01 -5.4579011556000001e-03 8.9136193034000007e-03 9.7108578387999998e-03 3.8654906201999999e-03 5.5127622681091121e-06 0.0000000000000000e+00
1.1582800000000000e-01 -6.1446325707000000e-03 9.7435537092999992e-03 1.0596503084000000e-02 4.5177300615999996e-03 5.1800438964813226e-06 0.0000000000000000e+00
1.1638659090909091e-01 -6.2386112878268793e-03 9.8505447340944061e-03 1.0711385555919198e-02 4.6067653749056340e-03 2.7360820606021806e-05 0.0000000000000000e+00
1.2023700000000000e-01 -6.9335067473000004e-03 1.0597132578000001e-02 1.1518510527000000e-02 5.2631291394000003e-03 4.7529760986607843e-06 0.0000000000000000e+00
1.2464699999999999e-01 -7.8403276588999999e-03 1.1465437626000000e-02 1.2472000904000000e-02 6.1141105972000002e-03 4.4366214227406354e-06 0.0000000000000000e+00
1.2905600000000000e-01 -8.8824795756000004e-03 1.2336096786999999e-02 1.3449728140000001e-02 7.0846459203999998e-03 4.0888623649397045e-06 0.0000000000000000e+00
1.3277318181818182e-01 -9.8797339566449351e-03 1.3059507852282529e-02 1.4285078698813057e-02 8.0068996169439157e-03 2.7284879361605866e-05 0.0000000000000000e+00
1.3346600000000000e-01 -1.0078660452000000e-02 1.3192204008999999e-02 1.4441228301000000e-02 8.1902130974999994e-03 4.1092646352947856e-06 0.0000000000000000e+00
1.3787600000000000e-01 -1.1448239295999999e-02 1.4010951604000000e-02 1.5431684289000000e-02 9.4474959908999994e-03 4.2447671131806247e-06 0.0000000000000000e+00
1.4228499999999999e-01 -1.3010068923999999e-02 1.4762063113999999e-02 1.6400564919000001e-02 1.0873687954999999e-02 4.3195256981273647e-06 0.0000000000000000e+00
1.4669499999999999e-01 -1.4780431657000000e-02 1.5406110056000000e-02 1.7320051231999999e-02 1.2485125687000000e-02 3.6115985127502700e-06 0.0000000000000000e+00
1.4915977272727274e-01 -1.5865370816280054e-02 1.5701402335137719e-02 1.7799384670890313e-02 1.3471917026555199e-02 2.8464057293510533e-05 0.0000000000000000e+00
1.5110399999999999e-01 -1.6769851977999999e-02 1.5893106444999999e-02 1.8153542157000001e-02 1.4295002609000001e-02 3.2853113843981973e-06 0.0000000000000000e+00
1.5551300000000001e-01 -1.8978360829000000e-02 1.6161852139000000e-02 1.8854529182000000e-02 1.6309746196000001e-02 2.7422080527971446e-06 0.0000000000000000e+00
1.5992300000000001e-01 -2.1389358313000002e-02 1.6141218892999999e-02 1.9366846167999999e-02 1.8524053621000000e-02 2.4404535140263329e-06 0.0000000000000000e+00
1.6433200000000001e-01 -2.3962511297999999e-02 1.5754545251999999e-02 1.9627240495000000e-02 2.0914753048000001e-02 1.9508812055187803e-06 0.0000000000000000e+00
1.6554636363636363e-01 -2.4690754714180075e-02 1.5573819335893578e-02 1.9646050860325115e-02 2.1598226681960826e-02 2.9369922862723963e-05 0.0000000000000000e+00
1.6874200000000000e-01 -2.6627497319000000e-02 1.4928585684000000e-02 1.9571676534000000e-02 2.3434767862000001e-02 2.2103512982440630e-06 0.0000000000000000e+00
1.7315200000000000e-01 -2.9281379428999998e-02 1.3607231068999999e-02 1.9145859901000001e-02 2.6009335481000002e-02 1.9688106519436115e-06 0.0000000000000000e+00
1.7756100000000000e-01 -3.1793670562999997e-02 1.1768422023000000e-02 1.8319306603000001e-02 2.8537954659000001e-02 1.8411141440852597e-06 0.0000000000000000e+00
1.8193295454545455e-01 -3.4004041341968348e-02 9.4608011470895172e-03 1.7111024753689589e-02 3.0885389134062573e-02 3.0260382143078772e-05 0.0000000000000000e+00
1.8197099999999999e-01 -3.4021416523000003e-02 9.4390869998000008e-03 1.7099084598000001e-02 3.0904523049000002e-02 1.6486054689601670e-06 0.0000000000000000e+00
1.8637999999999999e-01 -3.5833300893999998e-02 6.7012163028999996e-03 1.5537667324000000e-02 3.2995788199000002e-02 1.4455500876107667e-06 0.0000000000000000e+00
1.9078999999999999e-01 -3.7136017324000001e-02 3.6834083955999998e-03 1.3729520534999999e-02 3.4723455006999998e-02 1.7211549922780243e-06 0.0000000000000000e+00
1.9519900000000001e-01 -3.7892767814000000e-02 5.3814543474000004e-04 1.1795298725000000e-02 3.6041844083999998e-02 1.2913472848091850e-06 0.0000000000000000e+00
1.9831954545454544e-01 -3.8108882778670639e-02 -1.6834359767954300e-03 1.0418484290796540e-02 3.6727556990389515e-02 3.0926613844968984e-05 0.0000000000000000e+00
1.9960800000000001e-01 -3.8126576359999997e-02 -2.5873838715000002e-03 9.8590205437999994e-03 3.6954315674000003e-02 1.4558303047320750e-06 0.0000000000000000e+00
2.0401800000000000e-01 -3.7907435895000001e-02 -5.5764206138999997e-03 8.0262906456000007e-03 3.7506289876999999e-02 1.4477045627967583e-06 0.0000000000000000e+00
2.0842700000000000e-01 -3.7330651607999997e-02 -8.3555703747999997e-03 6.3711725867999997e-03 3.7769711009999998e-02 1.6560120768778415e-06 0.0000000000000000e+00
2.1283700000000000e-01 -3.6494798490000001e-02 -1.0894832865999999e-02 4.9331974568000000e-03 3.7825540751000003e-02 1.5256720575959855e-06 0.0000000000000000e+00
2.1470613636363636e-01 -3.6083967516269980e-02 -1.1898949155277070e-02 4.3924788385303285e-03 3.7805545595489529e-02 3.1549833117188476e-05 0.0000000000000000e+00
2.1724700000000000e-01 -3.5485938558000002e-02 -1.3198546526999999e-02 3.7224528698000000e-03 3.7750046854999997e-02 1.4867066683095401e-06 0.0000000000000000e+00
2.2165599999999999e-01 -3.4369568282000003e-02 -1.5293146688000000e-02 2.7281380061000000e-03 3.7606829671000000e-02 1.5565795049502827e-06 0.0000000000000000e+00
2.2606599999999999e-01 -3.3189075832000002e-02 -1.7215791582000001e-02 1.9272702218999999e-03 3.7444133961999998e-02 1.2769008799404015e-06 0.0000000000000000e+00
2.3047500000000001e-01 -3.1968190287999999e-02 -1.9005715499000000e-02 1.2917712533000001e-03 3.7295628889000003e-02 1.2583026598919785e-06 0.0000000000000000e+00
2.3109272727272728e-01 -3.1794540127845501e-02 -1.9247986702656036e-02 1.2142963869243735e-03 3.7277306716755561e-02 3.1942779461743773e-05 0.0000000000000000e+00
2.3488400000000001e-01 -3.0714866867000000e-02 -2.0698961326999998e-02 7.9294524136000000e-04 3.7182830928000003e-02 1.2781503877971279e-06 0.0000000000000000e+00
2.3929400000000001e-01 -2.9425532551000000e-02 -2.2325373480999999e-02 4.0427728492000001e-04 3.7118015041999998e-02 1.2937761489069926e-06 0.0000000000000000e+00
2.4370300000000000e-01 -2.8088719676999999e-02 -2.3907399154000000e-02 1.0266462843000001e-04 3.7106880641999997e-02 1.3850754959769956e-06 0.0000000000000000e+00
2.4747931818181818e-01 -2.6893848219911264e-02 -2.5238272134162049e-02 -1.0123140800935107e-04 3.7141062516426314e-02 3.2222835574340991e-05 0.0000000000000000e+00
2.4811300000000000e-01 -2.6687894980000001e-02 -2.5459924190000000e-02 -1.3132110930999999e-04 3.7150713309000001e-02 1.2679047351870404e-06 0.0000000000000000e+00
2.5252200000000002e-01 -2.5203727766000002e-02 -2.6990458225000000e-02 -3.1346422712000000e-04 3.7248031557000003e-02 1.2652757507881863e-06 0.0000000000000000e+00
2.5693199999999999e-01 -2.3615615751000001e-02 -2.8499670450999999e-02 -4.5641516597000000e-04 3.7395732583000003e-02 1.1402015080392992e-06 0.0000000000000000e+00
2.6134200000000002e-01 -2.1902902158000000e-02 -2.9981858199000001e-02 -5.7015790114000003e-04 3.7589889799999998e-02 1.7201150391099829e-06 0.0000000000000000e+00
2.6386590909090907e-01 -2.0858503516510932e-02 -3.0814035091122422e-02 -6.2533986122000041e-04 3.7720312284722439e-02 3.2334758482975658e-05 0.0000000000000000e+00
2.6575100000000001e-01 -2.0045674340000000e-02 -3.1425452122999999e-02 -6.6266809870000004e-04 3.7826258612000001e-02 1.0706917505147507e-06 0.0000000000000000e+00
2.7016099999999998e-01 -1.8026058617000001e-02 -3.2813026262999999e-02 -7.3976973937000005e-04 3.8100607127000002e-02 1.8012271541984469e-06 0.0000000000000000e+00
2.7456999999999998e-01 -1.5828274864000000e-02 -3.4122046236000000e-02 -8.0640502525999999e-04 3.8408885115999998e-02 1.0187209842223675e-06 0.0000000000000000e+00
2.7897899999999998e-01 -1.3440246899999999e-02 -3.5324620499000002e-02 -8.6601613067000005e-04 3.8747326908000000e-02 1.3132040298965915e-06 0.0000000000000000e+00
2.8025250000000002e-01 -1.2714227895676120e-02 -3.5647456558307498e-02 -8.8229255010421968e-04 3.8850140058629475e-02 3.2319082001737127e-05 0.0000000000000000e+00
