# Q = G M A_out^(2)/(A_1 A_2), strain amplitudes, Eq. (29); strain phases of Eq. (19) and (-1)^m' of Eq. (39) included; M = 1; r* = r + 2 log(r/2 - 1)
# sector=eoo l1=2 m1=2 l2=2 m2=2 l=4 m=4 omega1=omega2=Momega_parent; symmetry factor: 1/2 included (identical parent l, m, omega)
# representative=0 order=1
# rel_err: |Q(domain 2) - Q(domain 1)|/|Q|, two outer integration radii
# Momega_parent Re_Qin Im_Qin Re_Qout Im_Qout rel_err gap_before
1.0000000000000000e-02 1.7625760759500001e-05 -6.3021016420000000e-06 -1.8717606730499999e-05 1.8741863000000000e-07 6.5918588134874475e-03 0.0000000000000000e+00
1.9706000000000001e-02 6.2745836805000005e-05 -3.9984948196499997e-05 -7.4388506869999999e-05 1.4785687696000000e-06 2.2579002126089305e-04 0.0000000000000000e+00
2.9412000000000001e-02 1.2399179497500000e-04 -1.1526962499000000e-04 -1.6922016636000000e-04 5.0583610490000002e-06 2.7495128569379144e-04 0.0000000000000000e+00
3.9119000000000001e-02 1.8977393483999999e-04 -2.4011168808499999e-04 -3.0580648427000002e-04 1.2254155093000000e-05 4.3336536434277959e-05 0.0000000000000000e+00
4.8825000000000000e-02 2.4976060987500002e-04 -4.1869488499999999e-04 -4.8691161003999999e-04 2.4553287381999999e-05 8.9071347744416041e-05 0.0000000000000000e+00
5.8531000000000000e-02 2.9562660689500003e-04 -6.5309166090000005e-04 -7.1555608580000003e-04 4.3627674032000001e-05 4.5409979351726701e-05 0.0000000000000000e+00
6.8237000000000006e-02 3.2130222662500000e-04 -9.4442733704999996e-04 -9.9503073464999995e-04 7.1360857664999996e-05 3.9169722477559216e-06 0.0000000000000000e+00
7.7943999999999999e-02 3.2303796012499999e-04 -1.2937508577000000e-03 -1.3289367479500001e-03 1.0988077036999999e-04 1.7528091826221542e-05 0.0000000000000000e+00
8.7650000000000006e-02 2.9940166562999999e-04 -1.7027080737500001e-03 -1.7212635091000000e-03 1.6160187911499999e-04 1.5067122386666040e-05 0.0000000000000000e+00
9.7355999999999998e-02 2.5126191499000002e-04 -2.1739661450000001e-03 -2.1764009126500001e-03 2.2926950829499999e-04 9.2547324049057255e-06 0.0000000000000000e+00
1.0706200000000000e-01 1.8185203961500001e-04 -2.7115882762000000e-03 -2.6992565404999999e-03 3.1602181465000001e-04 1.2832019040986990e-06 0.0000000000000000e+00
1.1676900000000000e-01 9.6911594210000006e-05 -3.3212029186499999e-03 -3.2952969255999999e-03 4.2545554333500002e-04 3.6768819143332454e-06 0.0000000000000000e+00
1.2137700000000000e-01 5.3492234170609399e-05 -3.6379009955097054e-03 -3.6056649888323079e-03 4.8652770153193497e-04 3.8941006625727885e-05 0.0000000000000000e+00
1.2647500000000000e-01 4.9624739813499998e-06 -4.0101214287000001e-03 -3.9706615926999997e-03 5.6171134575000003e-04 4.4883270257005318e-06 0.0000000000000000e+00
1.3128532649999999e-01 -3.9729014234757482e-05 -4.3836402965566372e-03 -4.3368650473604910e-03 6.4062619288581652e-04 3.0067861813712823e-05 0.0000000000000000e+00
1.3241127270000000e-01 -4.9846772296399571e-05 -4.4743363445247141e-03 -4.4257447492569973e-03 6.6028689867921801e-04 3.0102361360544004e-05 0.0000000000000000e+00
1.3618100000000000e-01 -8.2268387614999999e-05 -4.7873479554000004e-03 -4.7322987986499997e-03 7.2957724354999996e-04 3.7285393689939534e-06 0.0000000000000000e+00
1.4119365310000001e-01 -1.2054033736086085e-04 -5.2267234414045552e-03 -5.1619647355534200e-03 8.3043617076194651e-04 2.1191874665307566e-05 0.0000000000000000e+00
1.4344554549999999e-01 -1.3532251253587000e-04 -5.4330753334394704e-03 -5.3634426011419404e-03 8.7918870893946652e-04 1.0720131056762713e-05 0.0000000000000000e+00
1.4588699999999999e-01 -1.4925131209999999e-04 -5.6634366354999998e-03 -5.5881008789999999e-03 9.3461047239999998e-04 7.4155031654558080e-07 0.0000000000000000e+00
1.5110197959999999e-01 -1.7005912963460700e-04 -6.1790585308796600e-03 -6.0898941323189503e-03 1.0623362543410466e-03 3.4037001478996633e-06 0.0000000000000000e+00
1.5447981820000001e-01 -1.7561721090751149e-04 -6.5310105986944103e-03 -6.4315432240648601e-03 1.1523121326119626e-03 3.0572530102143556e-06 0.0000000000000000e+00
1.5559400000000001e-01 -1.7585189154500000e-04 -6.6502563860000004e-03 -6.5471404815000004e-03 1.1832947630000001e-03 1.4767492362399973e-06 0.0000000000000000e+00
1.6101030610000000e-01 -1.6385237671472525e-04 -7.2538000924142797e-03 -7.1310552802739749e-03 1.3438175483084275e-03 1.3515934634357145e-05 0.0000000000000000e+00
1.6530000000000000e-01 -1.3629298594500000e-04 -7.7605010449999998e-03 -7.6199137035000003e-03 1.4832249956000000e-03 1.3807828866532519e-06 0.0000000000000000e+00
1.6551409089999999e-01 -1.3443949114034926e-04 -7.7864848239088801e-03 -7.6449528566981751e-03 1.4904855088509531e-03 1.8905602773777834e-05 0.0000000000000000e+00
1.7091863269999999e-01 -7.0633897624604745e-05 -8.4646341232264208e-03 -8.2976159653216554e-03 1.6837116485685715e-03 1.9799875798901396e-05 0.0000000000000000e+00
1.7500599999999999e-01 2.1567759328499999e-06 -9.0068870969999999e-03 -8.8186354029999997e-03 1.8433258878000000e-03 2.1093864278768630e-06 0.0000000000000000e+00
1.7654836360000001e-01 3.5860691697283678e-05 -9.2182717711589146e-03 -9.0216295692002093e-03 1.9067579647563770e-03 2.0264425531280302e-05 0.0000000000000000e+00
1.8082695920000000e-01 1.4937495289112386e-04 -9.8245570631734103e-03 -9.6037972652263555e-03 2.0924418330617524e-03 2.2365853833807168e-05 0.0000000000000000e+00
1.8471199999999999e-01 2.8080067480500001e-04 -1.0401060339499999e-02 -1.0157757559999999e-02 2.2741439621000001e-03 1.3591772276413140e-06 0.0000000000000000e+00
1.8758263640000000e-01 3.9734734236798166e-04 -1.0843024915057075e-02 -1.0583071863466310e-02 2.4168602682216119e-03 1.6379819896634821e-05 0.0000000000000000e+00
1.9073528570000001e-01 5.4645170209974248e-04 -1.1344501201433099e-02 -1.1066714149700375e-02 2.5824222624198949e-03 1.1925991692060569e-05 0.0000000000000000e+00
1.9441900000000001e-01 7.5147841349999995e-04 -1.1951766359000001e-02 -1.1654495104000000e-02 2.7881731280999999e-03 9.0047480997613357e-07 0.0000000000000000e+00
1.9861690909999999e-01 1.0302867347941481e-03 -1.2672067947839705e-02 -1.2355766847128816e-02 3.0399188324339806e-03 2.2352244861768176e-06 0.0000000000000000e+00
2.0064361219999999e-01 1.1837785455561306e-03 -1.3030453142902279e-02 -1.2706762941079881e-02 3.1683916747979532e-03 1.9494807644160709e-06 0.0000000000000000e+00
2.0412500000000000e-01 1.4788817332000001e-03 -1.3662165746499999e-02 -1.3329568894500000e-02 3.4002489661500001e-03 2.2465199251879636e-06 0.0000000000000000e+00
2.0965118180000000e-01 2.0376846882406954e-03 -1.4705444447981796e-02 -1.4372395181673605e-02 3.7991636521415516e-03 4.8669727941171924e-06 0.0000000000000000e+00
2.1055193880000000e-01 2.1402446777008489e-03 -1.4880053432191896e-02 -1.4548992591501549e-02 3.8679863476988184e-03 6.0845944796365725e-06 0.0000000000000000e+00
2.1383099999999999e-01 2.5431890150499998e-03 -1.5525928865499999e-02 -1.5208282914999999e-02 4.1280341078999997e-03 1.6472082980248999e-06 0.0000000000000000e+00
2.2046026530000001e-01 3.5135054509176410e-03 -1.6876748560965504e-02 -1.6624267307175034e-02 4.7022682115131767e-03 1.2347858307738761e-05 0.0000000000000000e+00
2.2068545449999999e-01 3.5504488966301264e-03 -1.6923577620384031e-02 -1.6674416927200179e-02 4.7229803566358267e-03 1.1839077650304248e-05 0.0000000000000000e+00
2.2353700000000001e-01 4.0428828975499998e-03 -1.7521467589500000e-02 -1.7321999178000001e-02 4.9925928983999999e-03 1.9621236567976425e-06 0.0000000000000000e+00
2.3036859179999999e-01 5.4230037848561046e-03 -1.8981576118488781e-02 -1.8971301898434299e-02 5.6964202931728903e-03 1.2668401481167062e-05 0.0000000000000000e+00
2.3171972730000001e-01 5.7325592029573349e-03 -1.9273445119895854e-02 -1.9314975991788118e-02 5.8459670401373601e-03 1.2376875527082059e-05 0.0000000000000000e+00
2.3324400000000001e-01 6.0973147974999996e-03 -1.9603194067500000e-02 -1.9709917317999998e-02 6.0189689389999997e-03 4.3180262845633942e-07 0.0000000000000000e+00
2.4027691840000001e-01 8.0122202857976707e-03 -2.1120958665349219e-02 -2.1639414902340809e-02 6.8804946159007748e-03 1.1806736342888575e-05 0.0000000000000000e+00
2.4275400000000000e-01 8.7848608781169856e-03 -2.1647894060225256e-02 -2.2363674795155414e-02 7.2102277598342299e-03 1.1582523103392664e-05 0.0000000000000000e+00
2.4295000000000000e-01 8.8482745224999996e-03 -2.1689227339000000e-02 -2.2421966993000000e-02 7.2369063674999996e-03 6.3056199807114595e-07 0.0000000000000000e+00
2.5018524489999999e-01 1.1448433397194344e-02 -2.3168584060040454e-02 -2.4692031753595470e-02 8.2900408043547601e-03 7.2328559927103856e-06 0.0000000000000000e+00
2.5265599999999999e-01 1.2458682473000001e-02 -2.3643173146999999e-02 -2.5522291410000002e-02 8.6813722775000001e-03 1.5248684403139331e-06 0.0000000000000000e+00
2.5378827269999998e-01 1.2943887518587920e-02 -2.3853615515925543e-02 -2.5912871233479413e-02 8.8664409622436352e-03 4.5865774435948914e-06 0.0000000000000000e+00
2.6009357140000000e-01 1.5917152780784129e-02 -2.4920260824204864e-02 -2.8212238568852487e-02 9.9666976085620949e-03 1.3002859531230193e-06 0.0000000000000000e+00
2.6236199999999998e-01 1.7105602053000001e-02 -2.5249490949000000e-02 -2.9095016163000000e-02 1.0393102442000000e-02 2.1395126521732137e-06 0.0000000000000000e+00
2.6482254550000001e-01 1.8469134528143631e-02 -2.5565168350350536e-02 -3.0088012799873654e-02 1.0874770666438299e-02 1.4234905798147085e-06 0.0000000000000000e+00
2.7000189800000002e-01 2.1605408659597824e-02 -2.6059295892243105e-02 -3.2310358941989997e-02 1.1958180439362595e-02 3.4280706984049043e-06 0.0000000000000000e+00
2.7206900000000001e-01 2.2960916495000001e-02 -2.6179171723000001e-02 -3.3250848819999998e-02 1.2418042605000000e-02 7.6478419644860583e-07 0.0000000000000000e+00
2.7585681820000002e-01 2.5604463082676061e-02 -2.6260260251740244e-02 -3.5061778301516612e-02 1.3304121947335910e-02 5.6570150217052688e-06 0.0000000000000000e+00
2.7991022450000003e-01 2.8664051137662402e-02 -2.6112592059166349e-02 -3.7134648712156722e-02 1.4316944511395655e-02 6.2426176758873128e-06 0.0000000000000000e+00
2.8177500000000000e-01 3.0151885270000001e-02 -2.5949867948499999e-02 -3.8139047275500000e-02 1.4806289988500001e-02 7.5022588068682503e-07 0.0000000000000000e+00
2.8689109089999998e-01 3.4490066653289762e-02 -2.5141238407947158e-02 -4.1076245745009406e-02 1.6228421211621231e-02 7.4577608650693913e-06 0.0000000000000000e+00
2.8981855099999998e-01 3.7134173410859332e-02 -2.4403514806091414e-02 -4.2887255346117571e-02 1.7096405207951960e-02 6.0652678126426955e-06 0.0000000000000000e+00
2.9148099999999999e-01 3.8684713852499997e-02 -2.3882929350500001e-02 -4.3961680204000000e-02 1.7607407637000000e-02 8.1043809695297170e-07 0.0000000000000000e+00
2.9792536359999999e-01 4.4987008656494985e-02 -2.1063554344462197e-02 -4.8475703177680955e-02 1.9715547915927750e-02 5.5666300597966413e-06 0.0000000000000000e+00
2.9972687760000000e-01 4.6816268340633869e-02 -2.0018677983191104e-02 -4.9846431475650738e-02 2.0341578364571025e-02 5.6353138009215940e-06 0.0000000000000000e+00
3.0118699999999998e-01 4.8314579060499997e-02 -1.9079909339999999e-02 -5.0995872579999997e-02 2.0860921918000000e-02 7.0376759183146745e-07 0.0000000000000000e+00
3.0895963640000002e-01 5.6369579015609898e-02 -1.2535712538888419e-02 -5.7754955756605900e-02 2.3800463365100801e-02 1.9239437309313415e-06 0.0000000000000000e+00
3.0963520410000001e-01 5.7062900214846099e-02 -1.1831950602824390e-02 -5.8398627627154150e-02 2.4069462282070114e-02 2.3765173168990803e-06 0.0000000000000000e+00
3.1089400000000000e-01 5.8344857040000003e-02 -1.0458791618500000e-02 -5.9623925070000000e-02 2.4575985894000001e-02 9.4524594675403771e-07 0.0000000000000000e+00
3.1954353060000001e-01 6.6494884407527793e-02 1.3348438549817480e-03 -6.9080914356443854e-02 2.8228451952608782e-02 8.8077860904638947e-07 0.0000000000000000e+00
3.1999390909999997e-01 6.6869857425409254e-02 2.0677704719888825e-03 -6.9628202403010153e-02 2.8425386405201501e-02 1.5605614436075129e-06 0.0000000000000000e+00
3.2060000000000000e-01 6.7363586089999997e-02 3.0730060383999998e-03 -7.0373827025000002e-02 2.8691063180500000e-02 4.5227340381801309e-07 0.0000000000000000e+00
3.2945185710000002e-01 7.2711506279471247e-02 2.0293939479060299e-02 -8.2634126079507195e-02 3.2619281493892399e-02 5.7477818800887400e-06 0.0000000000000000e+00
3.3030599999999999e-01 7.2989654109999996e-02 2.2201892250000001e-02 -8.3967134025000001e-02 3.2995598793999999e-02 1.6337130660410662e-06 0.0000000000000000e+00
3.3102818179999999e-01 7.3184489111956547e-02 2.3847072630060306e-02 -8.5117171319599103e-02 3.3312314755458372e-02 5.9480244933806815e-06 0.0000000000000000e+00
3.3936018369999998e-01 7.2201241995649645e-02 4.4706485601373566e-02 -1.0005237701731400e-01 3.6744622466631724e-02 7.2419074221895017e-06 0.0000000000000000e+00
3.4001199999999998e-01 7.1831742914999996e-02 4.6458470265000003e-02 -1.0136325469500000e-01 3.6985598612000001e-02 3.9419505706353243e-07 0.0000000000000000e+00
3.4206245450000000e-01 7.0348988304172855e-02 5.2041670640319601e-02 -1.0563294430156840e-01 3.7703117305458660e-02 7.3770297313032880e-06 0.0000000000000000e+00
3.4926851019999999e-01 6.0846565713825802e-02 7.1976058620400504e-02 -1.2258309095668340e-01 3.9538169622808636e-02 7.1735513126652095e-06 0.0000000000000000e+00
3.4971900000000000e-01 6.0012857959999999e-02 7.3201546465000003e-02 -1.2374976719500000e-01 3.9604983218499999e-02 7.3423617151330559e-07 0.0000000000000000e+00
3.5309672730000002e-01 5.2796148385675000e-02 8.2148936275576248e-02 -1.3294659463067626e-01 3.9863992290262266e-02 7.2774932040733206e-06 0.0000000000000000e+00
3.5917683670000000e-01 3.5493493226551480e-02 9.6274420859431706e-02 -1.5154891721523711e-01 3.8922750762760257e-02 6.8648438180584599e-06 0.0000000000000000e+00
3.5942499999999999e-01 3.4672602371999997e-02 9.6771980430000001e-02 -1.5236556733000001e-01 3.8836159596499997e-02 1.4810199991510026e-06 0.0000000000000000e+00
3.6413099999999998e-01 1.7510737831856981e-02 1.0460867789628241e-01 -1.6873720222112329e-01 3.6269201767282967e-02 6.3884594027656575e-06 0.0000000000000000e+00
3.6908516330000002e-01 -3.2875166440911878e-03 1.0875448901601716e-01 -1.8770423294523195e-01 3.1242997396847879e-02 5.8696962078465385e-06 0.0000000000000000e+00
3.6913099999999999e-01 -3.4898363739000000e-03 1.0876966874500001e-01 -1.8788752778000001e-01 3.1183247668000000e-02 8.0891616079735813e-07 0.0000000000000000e+00
3.7516527270000000e-01 -3.0921607228665896e-02 1.0650779419065350e-01 -2.1302634812408225e-01 2.0725456382982479e-02 4.9814276405817979e-06 0.0000000000000000e+00
3.7883699999999998e-01 -4.7527583732500003e-02 1.0070831666000001e-01 -2.2901263854000001e-01 1.1473027013999999e-02 1.1699052120482263e-06 0.0000000000000000e+00
3.7899348980000003e-01 -4.8216715626380961e-02 1.0038474233343055e-01 -2.2969762655908699e-01 1.1024327696781530e-02 4.9213936203531350e-06 0.0000000000000000e+00
3.8619954550000002e-01 -7.6697776819685107e-02 7.8963135620523400e-02 -2.6079489472723494e-01 -1.5012507155384529e-02 4.0311951542709417e-06 0.0000000000000000e+00
3.8854300000000003e-01 -8.3935200444999997e-02 6.9543543149999998e-02 -2.7027300878499999e-01 -2.5852422456000002e-02 1.7214430787278039e-06 0.0000000000000000e+00
3.8890181629999998e-01 -8.4927888965805956e-02 6.8016849259766754e-02 -2.7167377708090201e-01 -2.7613263165303551e-02 4.2542630396405207e-06 0.0000000000000000e+00
3.9723381819999998e-01 -9.8007903985243047e-02 2.8439378118002050e-02 -2.9870735916113067e-01 -7.5849566808888894e-02 4.7363962482738212e-06 0.0000000000000000e+00
3.9824999999999999e-01 -9.8193251090000003e-02 2.3402750293499999e-02 -3.0106519956500000e-01 -8.2570336430000002e-02 2.8764878324928094e-07 0.0000000000000000e+00
3.9881014290000000e-01 -9.8162223694579248e-02 2.0637404463055564e-02 -3.0226022722526152e-01 -8.6340043880566555e-02 4.6080190432001822e-06 0.0000000000000000e+00
4.0795599999999999e-01 -8.5522990585000000e-02 -1.9864261441500001e-02 -3.0987321928000000e-01 -1.5167971353000001e-01 1.2490198356927585e-06 0.0000000000000000e+00
4.0826809089999999e-01 -8.4750703414682299e-02 -2.1003871059821311e-02 -3.0971683937804551e-01 -1.5395189300791090e-01 5.7999291677814842e-06 0.0000000000000000e+00
4.0871846940000001e-01 -8.3605826329323396e-02 -2.2612245254227094e-02 -3.0944210556962987e-01 -1.5722612451510176e-01 5.8438409341610094e-06 0.0000000000000000e+00
4.1766199999999998e-01 -5.6048332635000003e-02 -4.4915617813500001e-02 -2.9290245363500000e-01 -2.1882065439500001e-01 1.8068890411050083e-06 0.0000000000000000e+00
4.1862679590000001e-01 -5.2838951371281903e-02 -4.6209585378066506e-02 -2.9000698615630677e-01 -2.2484587658859914e-01 7.0625393746966393e-06 0.0000000000000000e+00
4.1930236360000001e-01 -5.0597663219830447e-02 -4.6993717937909976e-02 -2.8787280939150367e-01 -2.2897225381336614e-01 7.1860811493767702e-06 0.0000000000000000e+00
4.2736800000000003e-01 -2.5704127457999999e-02 -4.9581339943500002e-02 -2.5711379876000001e-01 -2.7165154303500000e-01 2.2181210868025589e-07 0.0000000000000000e+00
4.3707499999999999e-01 -4.1600274720500000e-03 -4.1680253289999997e-02 -2.1369978340000001e-01 -3.0634718791999999e-01 5.0086146137320876e-07 0.0000000000000000e+00
4.4678099999999998e-01 7.3138347875000001e-03 -2.9832232645000002e-02 -1.7112614618499999e-01 -3.2567675458500001e-01 2.1410391073274058e-06 0.0000000000000000e+00
4.5648699999999998e-01 1.1520827669000000e-02 -1.9029168143000000e-02 -1.3352486125499999e-01 -3.3444295259000001e-01 2.3541655343469658e-06 0.0000000000000000e+00
4.6619300000000002e-01 1.1679264658000000e-02 -1.0970561610000000e-02 -1.0206599019000000e-01 -3.3695409266999998e-01 8.6292669901669703e-07 0.0000000000000000e+00
