# Q = G M A_out^(2)/(A_1 A_2), strain amplitudes, Eq. (29); strain phases of Eq. (19) and (-1)^m' of Eq. (39) included; M = 1; r* = r + 2 log(r/2 - 1)
# sector=eoo l1=3 m1=3 l2=3 m2=3 l=6 m=6 omega1=omega2=Momega_parent; symmetry factor: 1/2 included (identical parent l, m, omega)
# representative=0 order=1
# rel_err: |Q(domain 2) - Q(domain 1)|/|Q|, two outer integration radii
# Momega_parent Re_Qin Im_Qin Re_Qout Im_Qout rel_err gap_before
1.0000000000000000e-02 7.5230672945000003e-06 -3.0449949853999999e-06 -8.1159134139999994e-06 2.2032652848499999e-08 2.3039080188230952e-02 0.0000000000000000e+00
2.4607000000000000e-02 3.6338763398999997e-05 -3.4976870947499998e-05 -5.0435822525000002e-05 3.3916497846000002e-07 1.1644243641323250e-03 0.0000000000000000e+00
3.9212999999999998e-02 6.2715732524999993e-05 -1.1470335783500000e-04 -1.3072158928500001e-04 1.4104961960999999e-06 4.3335578311363510e-05 0.0000000000000000e+00
5.3820000000000000e-02 6.0845662445000003e-05 -2.4406219031500000e-04 -2.5150442932000001e-04 3.7509215466000000e-06 1.2898837933750273e-04 0.0000000000000000e+00
6.8426000000000001e-02 9.9781163485000008e-06 -4.1540096111499999e-04 -4.1544501453500001e-04 7.9348094805000005e-06 1.5304335437698994e-05 0.0000000000000000e+00
8.3032999999999996e-02 -1.0426308524500000e-04 -6.1685860539999996e-04 -6.2543748365000000e-04 1.4604248705000001e-05 2.0514993573150702e-05 0.0000000000000000e+00
9.7640000000000005e-02 -2.9047063442000002e-04 -8.3599181260000000e-04 -8.8467861450000000e-04 2.4479570429999999e-05 1.6425361807737789e-06 0.0000000000000000e+00
1.1224600000000000e-01 -5.5276008259999999e-04 -1.0620550112000000e-03 -1.1966755051500001e-03 3.8370454100500001e-05 9.8890846746894027e-06 0.0000000000000000e+00
1.2685299999999999e-01 -8.9222106455000001e-04 -1.2873952972000001e-03 -1.5653032889500001e-03 5.7189999695000003e-05 4.6122346999648894e-06 0.0000000000000000e+00
1.4146000000000000e-01 -1.3082202196000000e-03 -1.5081963983999999e-03 -1.9948376794999998e-03 8.1970522075000001e-05 2.7290881957030677e-06 0.0000000000000000e+00
1.5606600000000001e-01 -1.7994366438000000e-03 -1.7248685769500000e-03 -2.4900149807499999e-03 1.1388284198500000e-04 6.3020398527257930e-06 0.0000000000000000e+00
1.7067299999999999e-01 -2.3645920919000002e-03 -1.9422668628000001e-03 -3.0561250275499999e-03 1.5426077192500000e-04 3.0047318022771256e-06 0.0000000000000000e+00
1.8179999999999999e-01 -2.8441777208464188e-03 -2.1140199767659129e-03 -3.5386019997334884e-03 1.9163480092779375e-04 1.6498630845878618e-05 0.0000000000000000e+00
1.8527900000000000e-01 -3.0028090367500001e-03 -2.1698261823499998e-03 -3.6990722822500001e-03 2.0462864464500000e-04 1.3112201791980760e-06 0.0000000000000000e+00
1.9664081629999999e-01 -3.5494409727144360e-03 -2.3627710774790497e-03 -4.2565015452018622e-03 2.5182369008909549e-04 1.3470185255525016e-05 0.0000000000000000e+00
1.9832727270000000e-01 -3.6343244109955223e-03 -2.3931759961991132e-03 -4.3437625016379197e-03 2.5949010296981494e-04 1.7295140102437809e-05 0.0000000000000000e+00
1.9988600000000001e-01 -3.7136350254500000e-03 -2.4217599320000001e-03 -4.4254786267500000e-03 2.6673589971000001e-04 2.5452787091556954e-06 0.0000000000000000e+00
2.1148163270000001e-01 -4.3294058125018398e-03 -2.6517209416655331e-03 -5.0664867437723400e-03 3.2572655207261465e-04 2.3521399263127240e-05 0.0000000000000000e+00
2.1449299999999999e-01 -4.4967234500500001e-03 -2.7173614178999999e-03 -5.2428244489999996e-03 3.4260117690499998e-04 2.0184691313772119e-06 0.0000000000000000e+00
2.1485454549999999e-01 -4.5170290395914843e-03 -2.7254357559729370e-03 -5.2642910609634651e-03 3.4467402941438786e-04 2.1896051263601689e-05 0.0000000000000000e+00
2.2632244900000001e-01 -5.1832629035226552e-03 -3.0055753275112845e-03 -5.9771980242636453e-03 4.1571962686611728e-04 7.8656693763668032e-06 0.0000000000000000e+00
2.2909900000000000e-01 -5.3510849079999997e-03 -3.0813938154500000e-03 -6.1595681185000004e-03 4.3456264337000001e-04 2.3222385564772584e-07 0.0000000000000000e+00
2.3138181820000001e-01 -5.4908834185705751e-03 -3.1463690869390675e-03 -6.3124058987254848e-03 4.5055776455055695e-04 4.5898243435636427e-07 0.0000000000000000e+00
2.4116326530000001e-01 -6.1085859962910199e-03 -3.4553011032328234e-03 -6.9984864847903554e-03 5.2457500876956450e-04 1.1418694158931704e-05 0.0000000000000000e+00
2.4370600000000001e-01 -6.2739362635000004e-03 -3.5446052610499999e-03 -7.1853446154999997e-03 5.4534520760000005e-04 1.8604675249578074e-06 0.0000000000000000e+00
2.4790909089999999e-01 -6.5514257061096799e-03 -3.7013712573477427e-03 -7.5022460499349648e-03 5.8114904806022549e-04 1.8042464917162868e-05 0.0000000000000000e+00
2.5600408159999999e-01 -7.0996221111804050e-03 -4.0387186886723945e-03 -8.1416411793645855e-03 6.5554591603291152e-04 1.8759028474589953e-05 0.0000000000000000e+00
2.5831300000000001e-01 -7.2590427670000002e-03 -4.1442984674000000e-03 -8.3312208615000001e-03 6.7814454545000004e-04 1.1623829744729304e-06 0.0000000000000000e+00
2.6443636360000000e-01 -7.6879520337206552e-03 -4.4467078517364212e-03 -8.8503491584180395e-03 7.4125177114261998e-04 1.1855738161913908e-05 0.0000000000000000e+00
2.7084489800000000e-01 -8.1449408583628303e-03 -4.8010803158623503e-03 -9.4197030311172700e-03 8.1247510736284995e-04 7.3926440130467957e-06 0.0000000000000000e+00
2.7291900000000002e-01 -8.2943661545000005e-03 -4.9248142835499999e-03 -9.6099298660000006e-03 8.3672739844999999e-04 5.0075575611349824e-07 0.0000000000000000e+00
2.8096363639999999e-01 -8.8788805190690052e-03 -5.4503550539581700e-03 -1.0376150424842179e-02 9.3666463165026196e-04 3.7388229834996585e-06 0.0000000000000000e+00
2.8568571430000000e-01 -9.2242825681595250e-03 -5.7954624870618946e-03 -1.0847865902896625e-02 9.9993450384633560e-04 8.0657037045759185e-06 0.0000000000000000e+00
2.8752600000000000e-01 -9.3590281864999996e-03 -5.9378532019999999e-03 -1.1036266437000000e-02 1.0255653807500001e-03 1.4007047046978881e-06 0.0000000000000000e+00
2.9749090909999998e-01 -1.0085586355753609e-02 -6.7923663028065396e-03 -1.2102837895653430e-02 1.1744580659388945e-03 1.7010642805049740e-05 0.0000000000000000e+00
3.0052653060000001e-01 -1.0304379470815229e-02 -7.0826941016225052e-03 -1.2443930879507230e-02 1.2233975379489430e-03 1.7546006456743575e-05 0.0000000000000000e+00
3.0213200000000001e-01 -1.0419352954500000e-02 -7.2423530130000004e-03 -1.2627579332500000e-02 1.2500049707500000e-03 1.9527359400755362e-06 0.0000000000000000e+00
3.1401818180000002e-01 -1.1243997597884725e-02 -8.5639235600692698e-03 -1.4058260394118449e-02 1.4633176759628020e-03 1.5539880164759257e-05 0.0000000000000000e+00
3.1536734690000001e-01 -1.1333668953817745e-02 -8.7305110092558893e-03 -1.4228975783600630e-02 1.4894654610480625e-03 1.4803574576659381e-05 0.0000000000000000e+00
3.1673899999999999e-01 -1.1423802394000000e-02 -8.9035657230000006e-03 -1.4404379664500000e-02 1.5164807420000000e-03 1.6401497387257897e-06 0.0000000000000000e+00
3.3020816330000002e-01 -1.2235667338068440e-02 -1.0811382066154845e-02 -1.6228248778292272e-02 1.8061586316515765e-03 2.1214955070989405e-06 0.0000000000000000e+00
3.3054545450000000e-01 -1.2253902352513930e-02 -1.0864284220137415e-02 -1.6276402924991090e-02 1.8140173075742924e-03 1.7693322254468802e-06 0.0000000000000000e+00
3.3134599999999997e-01 -1.2296695153500001e-02 -1.0990864766999999e-02 -1.6391183681499999e-02 1.8327903701000001e-03 1.3253226255128800e-06 0.0000000000000000e+00
3.4504897960000003e-01 -1.2900814942060310e-02 -1.3398214684645630e-02 -1.8472326677544445e-02 2.1832801515336876e-03 9.2017958849768200e-06 0.0000000000000000e+00
3.4595199999999998e-01 -1.2930511839000000e-02 -1.3573512718500000e-02 -1.8617581737500000e-02 2.2084356463499999e-03 1.5898575679507766e-06 0.0000000000000000e+00
3.4707272729999999e-01 -1.2965355783518980e-02 -1.3793966866290031e-02 -1.8799283816672084e-02 2.2400225498371185e-03 1.0180512731930539e-05 0.0000000000000000e+00
3.5988979589999998e-01 -1.3176829179501630e-02 -1.6556926533179854e-02 -2.0998791523000045e-02 2.6328806459341358e-03 1.4930176407740288e-05 0.0000000000000000e+00
3.6055900000000002e-01 -1.3177053794500000e-02 -1.6713708505500000e-02 -2.1120103296499999e-02 2.6550905278500000e-03 1.4392658577062856e-06 0.0000000000000000e+00
3.6359999999999998e-01 -1.3162233057490190e-02 -1.7442101035513389e-02 -2.1679782726868449e-02 2.7582766768695288e-03 1.4957057988615245e-05 0.0000000000000000e+00
3.7473061219999998e-01 -1.2857624556798940e-02 -2.0334296691564759e-02 -2.3854554865791144e-02 3.1698208612492983e-03 1.2496868564434238e-05 0.0000000000000000e+00
3.7516600000000000e-01 -1.2836673339500001e-02 -2.0454505678000001e-02 -2.3943733972499999e-02 3.1870446350999999e-03 2.0484636364076568e-06 0.0000000000000000e+00
3.8012727270000002e-01 -1.2543167972252580e-02 -2.1864678653196148e-02 -2.4985820174929490e-02 3.3901843981256081e-03 9.7571601354339962e-06 0.0000000000000000e+00
3.8957142859999999e-01 -1.1671329380913399e-02 -2.4738899717931140e-02 -2.7099204097474620e-02 3.8124226910169227e-03 9.7387560126917539e-06 0.0000000000000000e+00
3.8977200000000001e-01 -1.1647824680499999e-02 -2.4802598372500002e-02 -2.7146077980500002e-02 3.8219356667500001e-03 7.8168479203110883e-07 0.0000000000000000e+00
3.9665454550000001e-01 -1.0701001071418770e-02 -2.7048715321043706e-02 -2.8806531674800736e-02 4.1627355442774528e-03 4.9878136703071322e-06 0.0000000000000000e+00
4.0437899999999999e-01 -9.2757107610000004e-03 -2.9700120747000000e-02 -3.0800942032000001e-02 4.5812376247500002e-03 1.6728800079660456e-06 0.0000000000000000e+00
4.0441224490000000e-01 -9.2686350970356806e-03 -2.9711935326062457e-02 -3.0809968837140701e-02 4.5831481805640338e-03 4.8859214882844128e-07 0.0000000000000000e+00
4.1318181820000000e-01 -7.1039948920644351e-03 -3.2854920652303034e-02 -3.3261881938163242e-02 5.1095943337922502e-03 3.1903131301165295e-06 0.0000000000000000e+00
4.1898500000000000e-01 -5.3047280490000001e-03 -3.4984135275000001e-02 -3.5005924099499999e-02 5.4908107694999998e-03 1.6188474520079746e-06 0.0000000000000000e+00
4.1925306120000000e-01 -5.2140550465914698e-03 -3.5082900422459214e-02 -3.5088942715514604e-02 5.5090747923634701e-03 5.6482011372511815e-06 0.0000000000000000e+00
4.2970909089999998e-01 -1.0862121294658801e-03 -3.8927032485595918e-02 -3.8517794222013582e-02 6.2715559193995147e-03 7.0566153127374074e-06 0.0000000000000000e+00
4.3359199999999998e-01 7.6171167265000003e-04 -4.0324991207500001e-02 -3.9892520081500002e-02 6.5807219309999996e-03 3.3494230712844180e-06 0.0000000000000000e+00
4.3409387760000001e-01 1.0139954210994075e-03 -4.0503231173179145e-02 -4.0074382134437675e-02 6.6217391985881353e-03 7.4383813575171287e-06 0.0000000000000000e+00
4.4623636360000002e-01 8.1354213245926257e-03 -4.4549454066286097e-02 -4.4810456327660800e-02 7.6947977972100347e-03 9.0420196761602110e-06 0.0000000000000000e+00
4.4819900000000001e-01 9.4820637435000001e-03 -4.5134155489000002e-02 -4.5641100073999998e-02 7.8832919875000008e-03 1.7631980270268237e-06 0.0000000000000000e+00
4.4893469390000001e-01 1.0002143032419600e-02 -4.5346948480127200e-02 -4.5957921804617934e-02 7.9551468847521099e-03 8.5867903923605484e-06 0.0000000000000000e+00
4.6276363640000001e-01 2.1376162184132234e-02 -4.8427162907112617e-02 -5.2486258692146397e-02 9.4229801032691893e-03 5.0236025645152510e-06 0.0000000000000000e+00
4.6280500000000002e-01 2.1415181601500001e-02 -4.8433074964500000e-02 -5.2507690854999997e-02 9.4277349225000001e-03 8.1959878689422136e-07 0.0000000000000000e+00
4.6377551020000002e-01 2.2333304207917144e-02 -4.8564827167685169e-02 -5.3011584932341697e-02 9.5393551343378145e-03 4.6005079981116659e-06 0.0000000000000000e+00
4.7861632650000002e-01 3.8414145807818767e-02 -4.8481397509287330e-02 -6.1630788347233199e-02 1.1383727706167445e-02 1.6625049621260567e-06 0.0000000000000000e+00
4.7929090910000000e-01 3.9235255084987909e-02 -4.8361833236227073e-02 -6.2068306203946100e-02 1.1473297162551920e-02 1.3887797055404887e-06 0.0000000000000000e+00
4.9345714289999998e-01 5.8085563229665953e-02 -4.2550551557691128e-02 -7.2401840891728755e-02 1.3436113503696339e-02 6.6729770131837594e-07 0.0000000000000000e+00
4.9581818179999998e-01 6.1474482206726147e-02 -4.0844303031383096e-02 -7.4366990911990102e-02 1.3771520542875290e-02 1.1075864653788038e-06 0.0000000000000000e+00
5.0829795919999998e-01 7.9813110728592193e-02 -2.7192200681679869e-02 -8.6205953631994445e-02 1.5486535371120699e-02 2.5617058127473201e-06 0.0000000000000000e+00
5.1234545450000002e-01 8.5617204463541152e-02 -2.0804142410083524e-02 -9.0657658940335145e-02 1.5982699122574436e-02 4.0813898537548777e-07 0.0000000000000000e+00
5.2313877549999999e-01 9.9183981492597204e-02 1.8588367169144935e-03 -1.0436300515977710e-01 1.6942512317819184e-02 5.1611854159301935e-07 0.0000000000000000e+00
5.2887272730000001e-01 1.0422824724288440e-01 1.7517224286050261e-02 -1.1292773891475966e-01 1.7077375887198574e-02 8.1817728368691516e-07 0.0000000000000000e+00
5.3797959179999999e-01 1.0669240936784651e-01 4.7547840710122885e-02 -1.2876340472050815e-01 1.6314588042950339e-02 1.3410815513339663e-06 0.0000000000000000e+00
5.4540000000000000e-01 1.0120359832166285e-01 7.5876075764633594e-02 -1.4402773243665989e-01 1.4253883310408964e-02 1.2007134185525564e-06 0.0000000000000000e+00
5.5282040820000000e-01 8.6375803428219045e-02 1.0568980660339559e-01 -1.6169109760747241e-01 1.0107976868772879e-02 1.0191918729745797e-06 0.0000000000000000e+00
5.6192727269999998e-01 5.2413841151971348e-02 1.3908684262731325e-01 -1.8675890036512025e-01 5.6040959186019952e-04 3.0061928131245557e-07 0.0000000000000000e+00
5.6766122450000001e-01 2.1596046445585510e-02 1.5420589739333371e-01 -2.0421577663007270e-01 -9.1027561190935354e-03 3.9737762895717534e-07 0.0000000000000000e+00
5.7845454549999997e-01 -5.1348167019317853e-02 1.5794710707369894e-01 -2.3839614469273410e-01 -3.8206618440022849e-02 1.1423743420303542e-06 0.0000000000000000e+00
5.8250204080000001e-01 -8.0250336575347248e-02 1.4801831005886676e-01 -2.5047694328594988e-01 -5.3601639995168253e-02 6.0383158000130108e-07 0.0000000000000000e+00
5.9498181819999996e-01 -1.4861324197246820e-01 7.6168511944899250e-02 -2.7654717583334337e-01 -1.1715100140075330e-01 8.7301616209559499e-07 0.0000000000000000e+00
5.9734285710000001e-01 -1.5475324408484531e-01 5.7354898313809952e-02 -2.7840154683489177e-01 -1.3138376685381481e-01 1.0414328934707560e-06 0.0000000000000000e+00
6.1150909090000005e-01 -1.3240502615933519e-01 -5.1369515521507002e-02 -2.6147601924445180e-01 -2.1831923582666296e-01 1.8841781042581814e-06 0.0000000000000000e+00
6.1218367350000003e-01 -1.2918052511509981e-01 -5.5306301523032501e-02 -2.5950114339344943e-01 -2.2209946577724304e-01 1.9147195653006774e-06 0.0000000000000000e+00
6.2702448980000003e-01 -4.3639639277118704e-02 -9.4007430663314351e-02 -1.9958692120967006e-01 -2.8499487546523222e-01 2.7020049973098836e-06 0.0000000000000000e+00
6.2803636360000004e-01 -3.8163111761875659e-02 -9.3594711104511549e-02 -1.9490640685644844e-01 -2.8773474906797236e-01 2.8183379467001329e-06 0.0000000000000000e+00
6.4186530610000003e-01 1.5209031670655916e-02 -6.7294283650697354e-02 -1.3336554078535201e-01 -3.0836371300124155e-01 7.5112482102210844e-06 0.0000000000000000e+00
6.4456363640000003e-01 2.0768624724451196e-02 -6.0129509054201349e-02 -1.2258207970947280e-01 -3.0952126388701001e-01 8.3710675844917004e-06 0.0000000000000000e+00
