# Q = G M A_out^(2)/(A_1 A_2), strain amplitudes, Eq. (29); strain phases of Eq. (19) and (-1)^m' of Eq. (39) included; M = 1; r* = r + 2 log(r/2 - 1)
# sector=eoo l1=3 m1=3 l2=4 m2=4 l=7 m=7 omega1=omega2=Momega_parent; symmetry factor: none (distinct parents)
# representative=0 order=1
# rel_err: |Q(domain 2) - Q(domain 1)|/|Q|, two outer integration radii
# Momega_parent Re_Qin Im_Qin Re_Qout Im_Qout rel_err gap_before
2.1145500000000000e-01 6.8093985272323666e-03 1.5483511742529080e-03 -6.9696214639134524e-03 4.3552610713178900e-04 2.2589327640849303e-04 0.0000000000000000e+00
2.2871663270000001e-01 8.2804700637159542e-03 1.3614232415815890e-03 -8.3719285399383690e-03 5.7488632825487818e-04 1.1468344362648207e-04 0.0000000000000000e+00
2.4597826530000000e-01 9.9082855723927072e-03 1.1829653503168029e-03 -9.9506385972228661e-03 7.4726371623797601e-04 5.3801366450865111e-06 0.0000000000000000e+00
2.6323989800000003e-01 1.1712349520362460e-02 1.0655831626355939e-03 -1.1721578077194121e-02 9.5888938544400255e-04 1.0016106182585911e-04 0.0000000000000000e+00
2.8050153059999999e-01 1.3714584072189610e-02 1.0761306007285190e-03 -1.3702812867723379e-02 1.2172110029148469e-03 1.9729997661386142e-05 0.0000000000000000e+00
2.9776316330000002e-01 1.5935583673656360e-02 1.2986226436509671e-03 -1.5914996159073758e-02 1.5311914934212640e-03 2.8290968673797389e-05 0.0000000000000000e+00
3.1502479589999999e-01 1.8389257305769111e-02 1.8377126339525331e-03 -1.8381899220073321e-02 1.9117129521201851e-03 2.1226993820626728e-05 0.0000000000000000e+00
3.3228642860000002e-01 2.1075349172609021e-02 2.8223975225620170e-03 -2.1131220922169291e-02 2.3721266562888878e-03 1.3466438154410815e-04 0.0000000000000000e+00
3.4954806119999998e-01 2.3968778951849810e-02 4.4093549744627144e-03 -2.4195415742988759e-02 2.9289636842504390e-03 1.3357491779604112e-04 0.0000000000000000e+00
3.6680969390000001e-01 2.7005406274694142e-02 6.7850369077406061e-03 -2.7613153483690620e-02 3.6029327824730929e-03 8.5426149526340913e-05 0.0000000000000000e+00
3.8407132649999998e-01 3.0062489250910821e-02 1.0164944386137371e-02 -3.1430912252690978e-02 4.4202322189628006e-03 1.1717127704693752e-05 0.0000000000000000e+00
4.0133295920000001e-01 3.2933235033195597e-02 1.4787834194454371e-02 -3.5705580872713923e-02 5.4143623634720951e-03 1.9112961466776799e-05 0.0000000000000000e+00
4.1859459180000003e-01 3.5293905234958983e-02 2.0901136095278199e-02 -4.0508234876737492e-02 6.6285955394955543e-03 2.9041729950741401e-05 0.0000000000000000e+00
4.3585622450000000e-01 3.6662256421538600e-02 2.8731484133420970e-02 -4.5929623692159548e-02 8.1192765804363794e-03 1.2566160644971217e-05 0.0000000000000000e+00
4.5311785710000002e-01 3.6347443378576157e-02 3.8430253281125371e-02 -5.2088641773024261e-02 9.9601851738414446e-03 3.8301203688605233e-05 0.0000000000000000e+00
4.7037948979999999e-01 3.3394905430284567e-02 4.9976565581741912e-02 -5.9145368660409911e-02 1.2248055371087320e-02 4.6686947838227800e-06 0.0000000000000000e+00
4.8764112240000002e-01 2.6541547674841400e-02 6.3008793117283537e-02 -6.7321922265260431e-02 1.5109143490953960e-02 1.5159045371799354e-05 0.0000000000000000e+00
5.0490275510000004e-01 1.4226911792932810e-02 7.6540714277355301e-02 -7.6935246740027344e-02 1.8705733143109370e-02 1.8253642638656228e-05 0.0000000000000000e+00
5.2216438779999996e-01 -5.2203197491267521e-03 8.8522227543520585e-02 -8.8450419987385467e-02 2.3239823210055240e-02 8.5220554728190440e-06 0.0000000000000000e+00
5.3942602039999998e-01 -3.2971799107421700e-02 9.5292255740644372e-02 -1.0256631912291780e-01 2.8946424990386251e-02 1.6324111631994388e-06 0.0000000000000000e+00
5.5668765310000001e-01 -6.8317170909013680e-02 9.1300639021698132e-02 -1.2035463506376461e-01 3.6059171073995373e-02 2.1200511577386453e-06 0.0000000000000000e+00
5.7394928570000003e-01 -1.0652189744848170e-01 7.0105494602720322e-02 -1.4348293466276449e-01 4.4707723720576888e-02 5.2696972107678637e-06 0.0000000000000000e+00
5.9121091839999995e-01 -1.3738751520514611e-01 2.7801185171429061e-02 -1.7456468031429390e-01 5.4653406195510498e-02 1.6937899977731991e-05 0.0000000000000000e+00
6.0847255099999997e-01 -1.4743231069277599e-01 -3.2205675309392057e-02 -2.1767272105654711e-01 6.4643750516831452e-02 1.6312502113250726e-05 0.0000000000000000e+00
6.2573418370000000e-01 -1.2597578709534091e-01 -9.7556048526778766e-02 -2.7893204320091358e-01 7.0869818076571264e-02 1.5980730039515730e-05 0.0000000000000000e+00
6.4299581630000002e-01 -7.0010254610303885e-02 -1.5025814609982280e-01 -3.6645561360584211e-01 6.3393965442027689e-02 2.3429202925873742e-05 0.0000000000000000e+00
6.6025744900000005e-01 1.4377921184337590e-02 -1.6962940184365591e-01 -4.8612017082211079e-01 1.8904463958925061e-02 2.9246617877208816e-05 0.0000000000000000e+00
6.7751908159999996e-01 1.0596814323343930e-01 -1.3341190498279951e-01 -6.2175693339682547e-01 -1.0636046664286070e-01 2.9861659560683312e-05 0.0000000000000000e+00
6.9478071429999999e-01 1.5519291292320980e-01 -3.6893372609493741e-02 -6.9214850142855922e-01 -3.4588723474294142e-01 2.3949113240299537e-05 0.0000000000000000e+00
7.1204234690000001e-01 1.1727855622454680e-01 6.1007382151613929e-02 -5.8672803749335201e-01 -6.1100917488891004e-01 1.7249314552347768e-05 0.0000000000000000e+00
7.2930397960000004e-01 3.8141162918441933e-02 8.8534068765626056e-02 -3.6197240752125320e-01 -7.3872141729316732e-01 1.8391234373644110e-05 0.0000000000000000e+00
7.4656561219999995e-01 -1.3365524853226710e-02 6.3824268379813892e-02 -1.6795111864861240e-01 -7.2983014349338993e-01 2.5395680353988374e-05 0.0000000000000000e+00
