# Q = G M A_out^(2)/(A_1 A_2), strain amplitudes, Eq. (29); strain phases of Eq. (19) and (-1)^m' of Eq. (39) included; M = 1; r* = r + 2 log(r/2 - 1)
# sector=ooe l1=3 m1=3 l2=3 m2=3 l=6 m=6 omega1=omega2=Momega_parent; symmetry factor: 1/2 included (identical parent l, m, omega)
# representative=0 order=2
# rel_err: |Q(domain 2) - Q(domain 1)|/|Q|, two outer integration radii
# Momega_parent Re_Qin Im_Qin Re_Qout Im_Qout rel_err gap_before
1.0000000000000000e-02 -5.2885438090000003e-06 2.1458391532000000e-06 -5.7072971545000002e-06 8.9712153960000000e-09 1.0819136513166983e-02 0.0000000000000000e+00
2.4607000000000000e-02 -2.5438687675499999e-05 2.4588876083499998e-05 -3.5379662202500003e-05 1.3842018138499999e-07 3.5482858310761630e-06 0.0000000000000000e+00
3.9212999999999998e-02 -4.3830894027000000e-05 8.0808181060000004e-05 -9.1928086610000006e-05 5.7990536130000003e-07 2.0609960410343974e-05 0.0000000000000000e+00
5.3820000000000000e-02 -4.2089036469999997e-05 1.7220688066000000e-04 -1.7726895967499999e-04 1.5532783442500001e-06 1.8166847255799419e-05 0.0000000000000000e+00
6.8426000000000001e-02 -5.3270932955000003e-06 2.9345847809000001e-04 -2.9348816187500001e-04 3.3098525224999999e-06 2.6422369115040876e-06 0.0000000000000000e+00
8.3032999999999996e-02 7.6921910905000006e-05 4.3618429069500002e-04 -4.4287249878000002e-04 6.1372350105000002e-06 2.4206807727817145e-06 0.0000000000000000e+00
9.7640000000000005e-02 2.1108042065000001e-04 5.9148861864999997e-04 -6.2793813025000000e-04 1.0365064670500000e-05 4.2147615416086115e-07 0.0000000000000000e+00
1.1224600000000000e-01 4.0041968748000001e-04 7.5160705629999998e-04 -8.5145819559999999e-04 1.6371764446000001e-05 9.1370532521982440e-07 0.0000000000000000e+00
1.2685299999999999e-01 6.4607489470000002e-04 9.1091276010000003e-04 -1.1164990056500000e-03 2.4592641959000001e-05 2.1452358016119025e-07 0.0000000000000000e+00
1.4146000000000000e-01 9.4797717960000004e-04 1.0664846562000001e-03 -1.4264599233499999e-03 3.5529559612500001e-05 6.1951418579126542e-07 0.0000000000000000e+00
1.5606600000000001e-01 1.3056048083000000e-03 1.2184134702999999e-03 -1.7851215687999999e-03 4.9762607535499999e-05 9.4274439294578691e-07 0.0000000000000000e+00
1.7067299999999999e-01 1.7185132490500001e-03 1.3699795034499999e-03 -2.1967049423500000e-03 6.7964316489999994e-05 5.1951571188604039e-07 0.0000000000000000e+00
1.8179999999999999e-01 2.0700950467372882e-03 1.4891561450856485e-03 -2.5486583950137601e-03 8.4972016853737697e-05 2.8751257123238507e-06 0.0000000000000000e+00
1.8527900000000000e-01 2.1866256105000001e-03 1.5277969985499999e-03 -2.6659388189499999e-03 9.0916929575000005e-05 1.1723549848111590e-07 0.0000000000000000e+00
1.9664081629999999e-01 2.5891079015606185e-03 1.6612274490978951e-03 -3.0741618454736760e-03 1.1263415213096950e-04 3.6927287673903262e-07 0.0000000000000000e+00
1.9832727270000000e-01 2.6517311898781354e-03 1.6822397954205934e-03 -3.1381702925291177e-03 1.1617898043733100e-04 5.7280830653501386e-07 0.0000000000000000e+00
1.9988600000000001e-01 2.7102788537499999e-03 1.7019964299500000e-03 -3.1981426637500000e-03 1.1953366699000000e-04 1.3190160774833888e-07 0.0000000000000000e+00
2.1148163270000001e-01 3.1658930149391423e-03 1.8610341392281756e-03 -3.6694311409892883e-03 1.4698792475452234e-04 1.3678287356548575e-06 0.0000000000000000e+00
2.1449299999999999e-01 3.2900126890499999e-03 1.9064848556000001e-03 -3.7993266899000000e-03 1.5488501507500001e-04 9.4019841863569978e-09 0.0000000000000000e+00
2.1485454549999999e-01 3.3050895804974832e-03 1.9120803702937081e-03 -3.8151516349018144e-03 1.5585659121312225e-04 9.3130855820669923e-07 0.0000000000000000e+00
2.2632244900000001e-01 3.8008336478702809e-03 2.1065350978537638e-03 -4.3414283130431231e-03 1.8930961368493761e-04 1.1479715612459169e-06 0.0000000000000000e+00
2.2909900000000000e-01 3.9260762855000001e-03 2.1593025809500000e-03 -4.4763133172999996e-03 1.9823144681500000e-04 1.4812566188887323e-07 0.0000000000000000e+00
2.3138181820000001e-01 4.0305279839496404e-03 2.2045769838210322e-03 -4.5894411386541651e-03 2.0582050309792281e-04 2.1074697341781097e-06 0.0000000000000000e+00
2.4116326530000001e-01 4.4933420273768959e-03 2.4204673638328943e-03 -5.0981058660201752e-03 2.4111192218454150e-04 3.6004934949459304e-06 0.0000000000000000e+00
2.4370600000000001e-01 4.6176122174500000e-03 2.4830721590500000e-03 -5.2368880805000002e-03 2.5106448080000003e-04 2.5107376050021231e-07 0.0000000000000000e+00
2.4790909089999999e-01 4.8265197996544490e-03 2.5931639372700648e-03 -5.4724655398903652e-03 2.6826777316366507e-04 4.1678783630721442e-06 0.0000000000000000e+00
2.5600408159999999e-01 5.2406453401292949e-03 2.8308886814277243e-03 -5.9486009476787446e-03 3.0419753708424229e-04 4.2710888206617879e-06 0.0000000000000000e+00
2.5831300000000001e-01 5.3614531285000001e-03 2.9055080454000000e-03 -6.0899871269999998e-03 3.1515851346000000e-04 2.2206645327977699e-07 0.0000000000000000e+00
2.6443636360000000e-01 5.6873402129330947e-03 3.1197541160689051e-03 -6.4775955329363496e-03 3.4587538484712980e-04 2.9940773053772198e-06 0.0000000000000000e+00
2.7084489800000000e-01 6.0360704889890204e-03 3.3717332362866348e-03 -6.9034802232979401e-03 3.8072734701450267e-04 2.3172313611008581e-06 0.0000000000000000e+00
2.7291900000000002e-01 6.1504439360000000e-03 3.4599231655500001e-03 -7.0459324925000004e-03 3.9263656336999998e-04 1.3410179874243343e-07 0.0000000000000000e+00
2.8096363639999999e-01 6.5997216572099100e-03 3.8356415652490545e-03 -7.6206088890864304e-03 4.4192948490606233e-04 1.1741016185123578e-06 0.0000000000000000e+00
2.8568571430000000e-01 6.8667087019340049e-03 4.0832704919555839e-03 -7.9750523204903095e-03 4.7330772998846709e-04 7.2663606299685498e-07 0.0000000000000000e+00
2.8752600000000000e-01 6.9711807540000000e-03 4.1856260198499997e-03 -8.1167332694999997e-03 4.8605427050500000e-04 6.2062317933154376e-08 0.0000000000000000e+00
2.9749090909999998e-01 7.5382041932399498e-03 4.8020770059073120e-03 -8.9203023164881549e-03 5.6049582161026349e-04 1.3327359132140967e-07 0.0000000000000000e+00
3.0052653060000001e-01 7.7103160134950549e-03 5.0122925321083901e-03 -9.1777722254816445e-03 5.8510270215671450e-04 1.1764238934033601e-07 0.0000000000000000e+00
3.0213200000000001e-01 7.8010320850000004e-03 5.1280396725000002e-03 -9.3164732020000005e-03 5.9850725994999997e-04 3.7017470014551590e-09 0.0000000000000000e+00
3.1401818180000002e-01 8.4588522678843096e-03 6.0900507814526652e-03 -1.0399314811236231e-02 7.0664521742024901e-04 7.4292250072479307e-07 0.0000000000000000e+00
3.1536734690000001e-01 8.5312850925493150e-03 6.2117645389274199e-03 -1.0528771913138181e-02 7.1997806243962446e-04 8.5809257726890549e-07 0.0000000000000000e+00
3.1673899999999999e-01 8.6042949904999999e-03 6.3382921790000003e-03 -1.0661819291000000e-02 7.3376874685000002e-04 2.7060046872651644e-08 0.0000000000000000e+00
3.3020816330000002e-01 9.2755169938231602e-03 7.7395471389807300e-03 -1.2048569130966479e-02 8.8268621568633049e-04 2.5902683726570566e-06 0.0000000000000000e+00
3.3054545450000000e-01 9.2909767236926556e-03 7.7785558016377800e-03 -1.2085256881480955e-02 8.8675116560661053e-04 2.6220132156546097e-06 0.0000000000000000e+00
3.3134599999999997e-01 9.3273321025000005e-03 7.8719104254999991e-03 -1.2172699281000000e-02 8.9646509025000001e-04 5.5633715354169342e-08 0.0000000000000000e+00
3.4504897960000003e-01 9.8640335034290948e-03 9.6556210357942648e-03 -1.3762029786885024e-02 1.0791010007615469e-03 3.7927602255421840e-06 0.0000000000000000e+00
3.4595199999999998e-01 9.8925493624999992e-03 9.7860858269999997e-03 -1.3873218098000000e-02 1.0922976522000001e-03 6.8139832517010964e-08 0.0000000000000000e+00
3.4707272729999999e-01 9.9265167430929706e-03 9.9502232218182350e-03 -1.4012293651302125e-02 1.1088791655684666e-03 3.9060685574173864e-06 0.0000000000000000e+00
3.5988979589999998e-01 1.0185222687101390e-02 1.2016992781320615e-02 -1.5699698972585979e-02 1.3165103286997719e-03 4.2273455577459567e-06 0.0000000000000000e+00
3.6055900000000002e-01 1.0191125822000000e-02 1.2134751341499999e-02 -1.5792921255000002e-02 1.3283178700500000e-03 7.2050752424990220e-08 0.0000000000000000e+00
3.6359999999999998e-01 1.0206838406720375e-02 1.2682662272482751e-02 -1.6223413523318145e-02 1.3832846820102450e-03 4.1906362613370432e-06 0.0000000000000000e+00
3.7473061219999998e-01 1.0085727966545416e-02 1.4869096645431819e-02 -1.7899676467969559e-02 1.6039676354118169e-03 3.7845576836501605e-06 0.0000000000000000e+00
3.7516600000000000e-01 1.0074516853500000e-02 1.4960377093500000e-02 -1.7968568057499999e-02 1.6132551908499999e-03 5.2967616115444759e-08 0.0000000000000000e+00
3.8012727270000002e-01 9.9069778361696292e-03 1.6032992983463674e-02 -1.8773756083386696e-02 1.7230207768445826e-03 3.4712747128282058e-06 0.0000000000000000e+00
3.8957142859999999e-01 9.3602341043750800e-03 1.8231966485514329e-02 -2.0410310707355085e-02 1.9526834023577851e-03 3.3649840891760217e-06 0.0000000000000000e+00
3.8977200000000001e-01 9.3449758939999992e-03 1.8280901253500001e-02 -2.0446666124999999e-02 1.9578800571999999e-03 3.8433534560893527e-08 0.0000000000000000e+00
3.9665454550000001e-01 8.7179632491535906e-03 2.0011747520241065e-02 -2.1735611686176104e-02 2.1446061366077840e-03 2.9040341747353603e-06 0.0000000000000000e+00
4.0437899999999999e-01 7.7457905124999997e-03 2.2069464301000000e-02 -2.3287164253500001e-02 2.3753386968499999e-03 2.0822171901920210e-08 0.0000000000000000e+00
4.0441224490000000e-01 7.7408940696278997e-03 2.2078621250153269e-02 -2.3294143639863301e-02 2.3763901387260232e-03 2.4585270525783542e-06 0.0000000000000000e+00
4.1318181820000000e-01 6.2291868888984447e-03 2.4540192901134149e-02 -2.5206114604438980e-02 2.6685701577895179e-03 2.0869915292024499e-06 0.0000000000000000e+00
4.1898500000000000e-01 4.9528486754499999e-03 2.6223447632500001e-02 -2.6568933477000001e-02 2.8812982500499998e-03 1.8391128196719829e-08 0.0000000000000000e+00
4.1925306120000000e-01 4.8881593820931978e-03 2.6301807345296201e-02 -2.6633800622443176e-02 2.8915045781739493e-03 1.8986170329280388e-06 0.0000000000000000e+00
4.2970909089999998e-01 1.9158474036657751e-03 2.9381631467157918e-02 -2.9319365483612699e-02 3.3193571689645865e-03 1.8127110475625332e-06 0.0000000000000000e+00
4.3359199999999998e-01 5.7110633840000001e-04 3.0517513057000002e-02 -3.0398048207000001e-02 3.4935191591000002e-03 1.5386714252031741e-08 0.0000000000000000e+00
4.3409387760000001e-01 3.8696078516298291e-04 3.0663214309439676e-02 -3.0540947360155914e-02 3.5166641769736897e-03 1.8349521761516015e-06 0.0000000000000000e+00
4.4623636360000002e-01 -4.8562914916869607e-03 3.4031659136780239e-02 -3.4265963392080559e-02 4.1232505931937495e-03 1.8248275548376176e-06 0.0000000000000000e+00
4.4819900000000001e-01 -5.8562228199999997e-03 3.4532746969000001e-02 -3.4920511420000001e-02 4.2299862941000002e-03 7.0885796766449986e-09 0.0000000000000000e+00
4.4893469390000001e-01 -6.2430090747062099e-03 3.4716350080987689e-02 -3.5170149500063141e-02 4.2706659028970530e-03 1.8999250779810461e-06 0.0000000000000000e+00
4.6276363640000001e-01 -1.4779161330689849e-02 3.7544854165466983e-02 -4.0325099354574019e-02 5.1009653149076753e-03 2.2712316954211730e-06 0.0000000000000000e+00
4.6280500000000002e-01 -1.4808687943000000e-02 3.7551067977499998e-02 -4.0342083456499998e-02 5.1036531950000002e-03 8.4858291384918613e-09 0.0000000000000000e+00
4.6377551020000002e-01 -1.5503572776271625e-02 3.7690950277277840e-02 -4.0740629529674867e-02 5.1666011702623553e-03 2.2950022829661034e-06 0.0000000000000000e+00
4.7861632650000002e-01 -2.7798820238218395e-02 3.8326610942917026e-02 -4.7570713312648470e-02 6.1971798604516402e-03 2.5561246892599236e-06 0.0000000000000000e+00
4.7929090910000000e-01 -2.8432743113881331e-02 3.8271366091262596e-02 -4.7917979872295666e-02 6.2465608557259701e-03 2.5639306021944004e-06 0.0000000000000000e+00
4.9345714289999998e-01 -4.3152554688076786e-02 3.4659599409307427e-02 -5.6132146395198548e-02 7.2997938776530602e-03 2.6379652231520032e-06 0.0000000000000000e+00
4.9581818179999998e-01 -4.5835257776733383e-02 3.3503237233507566e-02 -5.7696574038427748e-02 7.4717417410735051e-03 2.6443262648413860e-06 0.0000000000000000e+00
5.0829795919999998e-01 -6.0596207540177353e-02 2.3840409215145360e-02 -6.7132921199170900e-02 8.2749550963285099e-03 2.6454627317056749e-06 0.0000000000000000e+00
5.1234545450000002e-01 -6.5381244525994697e-02 1.9183590024973139e-02 -7.0685198817226944e-02 8.4626025469479952e-03 2.4469273701496023e-06 0.0000000000000000e+00
5.2313877549999999e-01 -7.6979389485758706e-02 2.2941645300264650e-03 -8.1629884826349600e-02 8.5976786548385802e-03 2.4100212344956459e-06 0.0000000000000000e+00
5.2887272730000001e-01 -8.1668254272955446e-02 -9.6156413381170650e-03 -8.8472714696051155e-02 8.3160109290270501e-03 2.3844244870879093e-06 0.0000000000000000e+00
5.3797959179999999e-01 -8.5091084313304699e-02 -3.2882779592146388e-02 -1.0112342224159836e-01 6.9893710101402596e-03 2.3251703172689486e-06 0.0000000000000000e+00
5.4540000000000000e-01 -8.2241153994440944e-02 -5.5306717485918450e-02 -1.1330690975873681e-01 4.6458453950081746e-03 2.2526754406023822e-06 0.0000000000000000e+00
5.5282040820000000e-01 -7.2141652934457554e-02 -7.9457511045369050e-02 -1.2737879151116774e-01 5.0737965776876802e-04 2.1469783927712298e-06 0.0000000000000000e+00
5.6192727269999998e-01 -4.7115903129093216e-02 -1.0752519295742829e-01 -1.4726989518575800e-01 -8.3542429974832050e-03 1.9934032138488718e-06 0.0000000000000000e+00
5.6766122450000001e-01 -2.3530873281978493e-02 -1.2108358363836125e-01 -1.6103904167808836e-01 -1.6996558973769931e-02 1.8833270259470459e-06 0.0000000000000000e+00
5.7845454549999997e-01 3.4219273983527351e-02 -1.2782732018424714e-01 -1.8765805983859590e-01 -4.2303486888543414e-02 1.7739322697692363e-06 0.0000000000000000e+00
5.8250204080000001e-01 5.7780941834394299e-02 -1.2139985894462145e-01 -1.9687524614036769e-01 -5.5464608208128000e-02 1.6916854135283533e-06 0.0000000000000000e+00
5.9498181819999996e-01 1.1617964165074135e-01 -6.7308657806144756e-02 -2.1550506193933006e-01 -1.0894935259546380e-01 1.4841077624991956e-06 0.0000000000000000e+00
5.9734285710000001e-01 1.2206278389118939e-01 -5.2486706597809851e-02 -2.1640935231601999e-01 -1.2079236096005320e-01 1.4537433853018767e-06 0.0000000000000000e+00
6.1150909090000005e-01 1.0931519870527735e-01 3.6402100975469337e-02 -1.9854675989189685e-01 -1.9221561392527789e-01 1.3198197819827885e-06 0.0000000000000000e+00
6.1218367350000003e-01 1.0688976187475226e-01 3.9749463012449290e-02 -1.9673828547585204e-01 -1.9528187269298625e-01 1.3146677482636941e-06 0.0000000000000000e+00
6.2702448980000003e-01 3.9066768874505262e-02 7.5198339033411055e-02 -1.4386829213038230e-01 -2.4541729603691795e-01 1.1725678685154529e-06 0.0000000000000000e+00
6.2803636360000004e-01 3.4571119389702622e-02 7.5106940918552995e-02 -1.3981145774217180e-01 -2.4753091858639659e-01 1.1600480761935147e-06 0.0000000000000000e+00
6.4186530610000003e-01 -1.0319278632481095e-02 5.5818139130508551e-02 -8.6814084441279096e-02 -2.6243724022325893e-01 8.4161240420884700e-07 0.0000000000000000e+00
6.4456363640000003e-01 -1.5186686129389846e-02 5.0141524091021898e-02 -7.7566117556838954e-02 -2.6297120994261564e-01 7.6655308686486645e-07 0.0000000000000000e+00
6.5670612240000004e-01 -2.4776548258666396e-02 2.5969067387294174e-02 -4.1646830656946313e-02 -2.5985622130134423e-01 3.4755561694037524e-07 0.0000000000000000e+00
6.6109090910000001e-01 -2.4755592578940999e-02 1.8911122023816632e-02 -3.0871428077706906e-02 -2.5732934490054393e-01 2.2106658968102473e-07 0.0000000000000000e+00
6.7154693880000005e-01 -2.1073779589298961e-02 6.5802801591529798e-03 -9.1705324788725999e-03 -2.4995410442056165e-01 5.0218469097548399e-07 0.0000000000000000e+00
6.7761818180000000e-01 -1.7909731068354522e-02 2.0413933411186770e-03 1.2469291703919355e-03 -2.4528591965372201e-01 7.6897686819073172e-07 0.0000000000000000e+00
