# Q = G M A_out^(2)/(A_1 A_2), strain amplitudes, Eq. (29); strain phases of Eq. (19) and (-1)^m' of Eq. (39) included; M = 1; r* = r + 2 log(r/2 - 1)
# sector=ooe l1=3 m1=3 l2=4 m2=4 l=7 m=7 omega1=omega2=Momega_parent; symmetry factor: none (distinct parents)
# representative=0 order=2
# rel_err: |Q(domain 2) - Q(domain 1)|/|Q|, two outer integration radii
# Momega_parent Re_Qin Im_Qin Re_Qout Im_Qout rel_err gap_before
2.1145500000000000e-01 -5.3343247958181402e-03 -1.1042139452739309e-03 -5.4431455331964132e-03 2.1559274748514980e-04 5.9195054321824196e-06 0.0000000000000000e+00
2.2871663270000001e-01 -6.5013444132392224e-03 -9.2880637515024562e-04 -6.5610358947691223e-03 2.8806801152802538e-04 2.7657256583589249e-07 0.0000000000000000e+00
2.4597826530000000e-01 -7.7991694004213262e-03 -7.5251417057935297e-04 -7.8262124055241966e-03 3.7917090830228372e-04 2.5527918406072066e-06 0.0000000000000000e+00
2.6323989800000003e-01 -9.2458682955756186e-03 -6.1577278332279313e-04 -9.2532417665616758e-03 4.9288594895192158e-04 5.0841009409338153e-07 0.0000000000000000e+00
2.8050153059999999e-01 -1.0862286946291081e-02 -5.7068980430808193e-04 -1.0858794620221450e-02 6.3407429269057597e-04 4.8778990755463012e-06 0.0000000000000000e+00
2.9776316330000002e-01 -1.2669382739393420e-02 -6.8367612019908954e-04 -1.2662076123030261e-02 8.0871079303531507e-04 7.2833501145239226e-06 0.0000000000000000e+00
3.1502479589999999e-01 -1.4684214485549680e-02 -1.0386743267711510e-03 -1.4685380184964311e-02 1.0241982278383049e-03 5.4328649825601822e-06 0.0000000000000000e+00
3.3228642860000002e-01 -1.6914098196179662e-02 -1.7407769543266740e-03 -1.6954815136046280e-02 1.2897871739378139e-03 8.1376396723499128e-07 0.0000000000000000e+00
3.4954806119999998e-01 -1.9348268194018591e-02 -2.9198498251150440e-03 -1.9501269448942420e-02 1.6171401729205899e-03 9.2584291984076049e-07 0.0000000000000000e+00
3.6680969390000001e-01 -2.1946195692619661e-02 -4.7334979366354503e-03 -2.2361727226537530e-02 2.0210929958184480e-03 4.1334955045962939e-07 0.0000000000000000e+00
3.8407132649999998e-01 -2.4621492936587660e-02 -7.3682724993118500e-03 -2.5581096721769669e-02 2.5206819738691150e-03 3.6430214162944438e-06 0.0000000000000000e+00
4.0133295920000001e-01 -2.7220087987947870e-02 -1.1037314109435800e-02 -2.9214816026432899e-02 3.1405249222115281e-03 6.1753748879499003e-06 0.0000000000000000e+00
4.1859459180000003e-01 -2.9491080207724670e-02 -1.5971446695696691e-02 -3.3332643993448541e-02 3.9126558541293351e-03 6.7972226861668988e-06 0.0000000000000000e+00
4.3585622450000000e-01 -3.1048504888346880e-02 -2.2398653289087359e-02 -3.8024290124020393e-02 4.8789079645957479e-03 5.5936470044379804e-06 0.0000000000000000e+00
4.5311785710000002e-01 -3.1322575022419231e-02 -3.0503033303530921e-02 -4.3407931578344383e-02 6.0938806763380917e-03 4.0736182941081813e-06 0.0000000000000000e+00
4.7037948979999999e-01 -2.9501334371795931e-02 -4.0347266907260280e-02 -4.9643298117565661e-02 7.6283435866121539e-03 2.9182657106207583e-06 0.0000000000000000e+00
4.8764112240000002e-01 -2.4472513576204110e-02 -5.1730412973292533e-02 -5.6952031064528973e-02 9.5724698905775962e-03 3.0826217724481831e-06 0.0000000000000000e+00
5.0490275510000004e-01 -1.4802025361385911e-02 -6.3936114158558530e-02 -6.5649634737255644e-02 1.2037234690072890e-02 4.2692454585729806e-06 0.0000000000000000e+00
5.2216438779999996e-01 1.1473812243964199e-03 -7.5320069050506588e-02 -7.6195875808416344e-02 1.5149996733694821e-02 5.6116021466550933e-06 0.0000000000000000e+00
5.3942602039999998e-01 2.4723580828267259e-02 -8.2752580343424864e-02 -8.9274305934186074e-02 1.9035295330118520e-02 6.3932958294813852e-06 0.0000000000000000e+00
5.5668765310000001e-01 5.5756602605412979e-02 -8.1223469582913640e-02 -1.0591698474887661e-01 2.3761205938170590e-02 6.4396811092132053e-06 0.0000000000000000e+00
5.7394928570000003e-01 9.0493232684416086e-02 -6.4541745732650355e-02 -1.2769674459189351e-01 2.9208438353016439e-02 6.1487237289600354e-06 0.0000000000000000e+00
5.9121091839999995e-01 1.1992334293251000e-01 -2.8366429824507031e-02 -1.5701118002489980e-01 3.4768190755008470e-02 6.0749525836878406e-06 0.0000000000000000e+00
6.0847255099999997e-01 1.3134194525246820e-01 2.5104089451750779e-02 -1.9745542745066311e-01 3.8659797875900903e-02 6.0750873351701435e-06 0.0000000000000000e+00
6.2573418370000000e-01 1.1395974932892540e-01 8.4931218470159511e-02 -2.5412151853940490e-01 3.6406143468038533e-02 6.0443355448428038e-06 0.0000000000000000e+00
6.4299581630000002e-01 6.4079466477419370e-02 1.3409309810236900e-01 -3.3296006705777759e-01 1.7543104394359469e-02 5.7619632657491338e-06 0.0000000000000000e+00
6.6025744900000005e-01 -1.2844500277067039e-02 1.5258262270617340e-01 -4.3570986660195138e-01 -4.0381230188858593e-02 5.5723629679629615e-06 0.0000000000000000e+00
6.7751908159999996e-01 -9.6476315769383592e-02 1.1933931160025640e-01 -5.4049375084398177e-01 -1.7511828436214391e-01 5.4748920925406319e-06 0.0000000000000000e+00
6.9478071429999999e-01 -1.4027566744276010e-01 3.0799487124797551e-02 -5.6720775749841068e-01 -4.0444156864314662e-01 5.4141169575476076e-06 0.0000000000000000e+00
7.1204234690000001e-01 -1.0398502894360891e-01 -5.7419931893936682e-02 -4.2859081025029849e-01 -6.2902512027505864e-01 5.1977442292828697e-06 0.0000000000000000e+00
7.2930397960000004e-01 -3.1693445119422813e-02 -8.0341797941515400e-02 -2.0295168505616809e-01 -7.0852473241104530e-01 4.5065300704276271e-06 0.0000000000000000e+00
7.4656561219999995e-01 1.3982741302055160e-02 -5.6529536052375547e-02 -2.7474174981961089e-02 -6.6822917250955705e-01 3.5624554953959034e-06 0.0000000000000000e+00
7.6382724489999998e-01 2.7323357919210419e-02 -2.6621303732323069e-02 7.2862318425714348e-02 -5.9453212608030825e-01 3.0171463751393789e-06 0.0000000000000000e+00
7.8108887760000001e-01 2.3876790371975858e-02 -6.2239196540911437e-03 1.2526684652444489e-01 -5.2749840451658503e-01 3.7310216718364517e-06 0.0000000000000000e+00
