# Q = G M A_out^(2)/(A_1 A_2), strain amplitudes, Eq. (29); strain phases of Eq. (19) and (-1)^m' of Eq. (39) included; M = 1; r* = r + 2 log(r/2 - 1)
# sector=ooe l1=2 m1=2 l2=2 m2=2 l=4 m=4 omega1=omega2=Momega_parent; symmetry factor: 1/2 included (identical parent l, m, omega)
# representative=0 order=2
# rel_err: |Q(domain 2) - Q(domain 1)|/|Q|, two outer integration radii
# Momega_parent Re_Qin Im_Qin Re_Qout Im_Qout rel_err gap_before
1.0000000000000000e-02 -8.4471673000000006e-06 3.0616377959000001e-06 -8.9848058754999995e-06 3.9048208611999999e-08 2.0281335178489778e-03 0.0000000000000000e+00
1.9706000000000001e-02 -3.0042597516000001e-05 1.9507418119499999e-05 -3.5818985926500002e-05 3.1188875720499999e-07 3.2399838346018744e-05 0.0000000000000000e+00
2.9412000000000001e-02 -5.9302223245000003e-05 5.6556543489999999e-05 -8.1940363795000002e-05 1.0830915532500001e-06 7.3971055315830904e-06 0.0000000000000000e+00
3.9119000000000001e-02 -9.0371230655000002e-05 1.1841373860500000e-04 -1.4893513995999999e-04 2.6640480683000001e-06 5.6820145522748946e-06 0.0000000000000000e+00
4.8825000000000000e-02 -1.1787954931500000e-04 2.0746305878500000e-04 -2.3855213835500001e-04 5.4211452260000000e-06 5.4698122408602027e-06 0.0000000000000000e+00
5.8531000000000000e-02 -1.3731610457500001e-04 3.2504936686500002e-04 -3.5272803032999997e-04 9.7856474280000005e-06 1.6711778385031664e-06 0.0000000000000000e+00
6.8237000000000006e-02 -1.4518200825500000e-04 4.7205978488000001e-04 -4.9361299695500004e-04 1.6265546185000000e-05 1.1442723718773762e-06 0.0000000000000000e+00
7.7943999999999999e-02 -1.3904130349999999e-04 6.4937155790000000e-04 -6.6360241044999995e-04 2.5459890714999999e-05 2.2652601054728741e-06 0.0000000000000000e+00
8.7650000000000006e-02 -1.1753218228500000e-04 8.5820040185000004e-04 -8.6537490674999998e-04 3.8076174130999997e-05 1.8613992297503373e-06 0.0000000000000000e+00
9.7355999999999998e-02 -8.0378545244999997e-05 1.1003708886000000e-03 -1.1019361465500000e-03 5.4951387165000000e-05 1.2185091284336658e-06 0.0000000000000000e+00
1.0706200000000000e-01 -2.8430623269000000e-05 1.3785300355999999e-03 -1.3766740937000001e-03 7.7077751375000000e-05 6.3044435680724897e-07 0.0000000000000000e+00
1.1676900000000000e-01 3.6244670552500001e-05 1.6963124455500001e-03 -1.6934245554500000e-03 1.0563405632500000e-04 2.8648670106505453e-07 0.0000000000000000e+00
1.2137700000000000e-01 7.0470675546648956e-05 1.8623873755154656e-03 -1.8597576358087161e-03 1.2183879668974814e-04 4.3310677558120240e-07 0.0000000000000000e+00
1.2647500000000000e-01 1.1020446644500001e-04 2.0584661307000000e-03 -2.0565526652500002e-03 1.4202399178000000e-04 2.0684421270334103e-07 0.0000000000000000e+00
1.3128532649999999e-01 1.4881003645982521e-04 2.2561793727022134e-03 -2.2552190912636006e-03 1.6346653657232311e-04 9.3678163949942848e-07 0.0000000000000000e+00
1.3241127270000000e-01 1.5791828561378406e-04 2.3043277674322203e-03 -2.3036120668420345e-03 1.6884663396207785e-04 1.0455186389556893e-06 0.0000000000000000e+00
1.3618100000000000e-01 1.8838337190000000e-04 2.4709397472499998e-03 -2.4710542780000001e-03 1.8792304880500000e-04 2.4333187443051341e-07 0.0000000000000000e+00
1.4119365310000001e-01 2.2818654581775681e-04 2.7059645435614514e-03 -2.7070815547740709e-03 2.1599299565261816e-04 2.0882607654244917e-06 0.0000000000000000e+00
1.4344554549999999e-01 2.4552092574586136e-04 2.8168320225750200e-03 -2.8183053757208343e-03 2.2968390388858581e-04 2.3797355112460313e-06 0.0000000000000000e+00
1.4588699999999999e-01 2.6373907243999999e-04 2.9409249120000000e-03 -2.9426824158000002e-03 2.4533581139500003e-04 3.3209536539887606e-07 0.0000000000000000e+00
1.5110197959999999e-01 2.9985437999376302e-04 3.2200605159025423e-03 -3.2219360799454399e-03 2.8175557652318999e-04 3.2622187023955311e-06 0.0000000000000000e+00
1.5447981820000001e-01 3.2053069639532755e-04 3.4116979043402303e-03 -3.4131877867914296e-03 3.0768621165156443e-04 3.5707033902101978e-06 0.0000000000000000e+00
1.5559400000000001e-01 3.2676598723499999e-04 3.4768408721999999e-03 -3.4781081250500000e-03 3.1666590384499997e-04 3.6509158790353908e-07 0.0000000000000000e+00
1.6101030610000000e-01 3.5205228169455776e-04 3.8080748009893246e-03 -3.8074787818987285e-03 3.6357054283663352e-04 4.0159777226323893e-06 0.0000000000000000e+00
1.6530000000000000e-01 3.6484726817000000e-04 4.0882342055000003e-03 -4.0851250602999996e-03 4.0480091960999999e-04 3.6050870195404819e-07 0.0000000000000000e+00
1.6551409089999999e-01 3.6528880841607542e-04 4.1026557851403913e-03 -4.0993949684459434e-03 4.0696059890693863e-04 4.1916775300442910e-06 0.0000000000000000e+00
1.7091863269999999e-01 3.6917476785008359e-04 4.4807271143223366e-03 -4.4727707300666036e-03 4.6483716689026480e-04 4.2487423137295090e-06 0.0000000000000000e+00
1.7500599999999999e-01 3.6140872315000003e-04 4.7855529032500002e-03 -4.7729145382499998e-03 5.1321503115000003e-04 3.2030229913753968e-07 0.0000000000000000e+00
1.7654836360000001e-01 3.5568884414201979e-04 4.9049838073728733e-03 -4.8903295293501702e-03 5.3257412349623501e-04 4.1734583503103968e-06 0.0000000000000000e+00
1.8082695920000000e-01 3.3069303984412264e-04 5.2494916352828352e-03 -5.2285770233526947e-03 5.8966330338746048e-04 4.0339896685012309e-06 0.0000000000000000e+00
1.8471199999999999e-01 2.9482990651499998e-04 5.5797263960000003e-03 -5.5523905170000000e-03 6.4609154319999996e-04 2.4620489063680051e-07 0.0000000000000000e+00
1.8758263640000000e-01 2.5912664024305512e-04 5.8347196008733549e-03 -5.8023112399933950e-03 6.9078490342179598e-04 3.7187645854518892e-06 0.0000000000000000e+00
1.9073528570000001e-01 2.0976888392436005e-04 6.1259598694891103e-03 -6.0878137473213949e-03 7.4301469298018903e-04 3.5463546721704547e-06 0.0000000000000000e+00
1.9441900000000001e-01 1.3705991872000001e-04 6.4814469259999999e-03 -6.4366535409999997e-03 8.0846692099999999e-04 1.8223089029530783e-07 0.0000000000000000e+00
1.9861690909999999e-01 3.1809439101175416e-05 6.9072126488728897e-03 -6.8554664838927004e-03 8.8931929466032746e-04 3.1058027359317047e-06 0.0000000000000000e+00
2.0064361219999999e-01 -2.8502646168897400e-05 7.1207684603477846e-03 -7.0661433404197501e-03 9.3088862237593101e-04 2.9988078565941336e-06 0.0000000000000000e+00
2.0412500000000000e-01 -1.4811869727500001e-04 7.4999905745000003e-03 -7.4415949290000004e-03 1.0063957966500001e-03 1.3218761512155158e-07 0.0000000000000000e+00
2.0965118180000000e-01 -3.8471228090771945e-04 8.1345953459533195e-03 -8.0749600269008001e-03 1.1376925469009445e-03 2.8792342253153354e-06 0.0000000000000000e+00
2.1055193880000000e-01 -4.2928465927002810e-04 8.2418481650981396e-03 -8.1827752396369594e-03 1.1605086048663709e-03 2.8433554469445482e-06 0.0000000000000000e+00
2.1383099999999999e-01 -6.0722766620000001e-04 8.6413253859999994e-03 -8.5867070154999996e-03 1.2471318607000001e-03 9.7042910596267197e-08 0.0000000000000000e+00
2.2046026530000001e-01 -1.0506617873339999e-03 9.4916155569564550e-03 -9.4615536936524698e-03 1.4405289239297165e-03 2.5619808620423610e-06 0.0000000000000000e+00
2.2068545449999999e-01 -1.0678938879337466e-03 9.5214817556654001e-03 -9.4927222878047300e-03 1.4475559891953226e-03 2.5580031650923086e-06 0.0000000000000000e+00
2.2353700000000001e-01 -1.2996470426000000e-03 9.9051204854999995e-03 -9.8961807929999999e-03 1.5393109470500000e-03 8.0913059637277752e-08 0.0000000000000000e+00
2.3036859179999999e-01 -1.9667335456789825e-03 1.0862523085232036e-02 -1.0932449219969911e-02 1.7812224483128700e-03 2.4646409671128321e-06 0.0000000000000000e+00
2.3171972730000001e-01 -2.1193849276926620e-03 1.1057771204540705e-02 -1.1149899695238431e-02 1.8330232507332649e-03 2.4678401508051455e-06 0.0000000000000000e+00
2.3324400000000001e-01 -2.3005049963500000e-03 1.1280068392500000e-02 -1.1400406124500001e-02 1.8931062219499999e-03 7.7463144520245098e-08 0.0000000000000000e+00
2.4027691840000001e-01 -3.2708991331809943e-03 1.2330083609786090e-02 -1.2633621700572001e-02 2.1945960838993055e-03 2.5426979769435249e-06 0.0000000000000000e+00
2.4275400000000000e-01 -3.6706045150156599e-03 1.2706771039236470e-02 -1.3100369354197386e-02 2.3108657181885161e-03 2.5775535781190128e-06 0.0000000000000000e+00
2.4295000000000000e-01 -3.7036022919500000e-03 1.2736645786000001e-02 -1.3138038438500000e-02 2.3202946293500002e-03 8.1295973905111982e-08 0.0000000000000000e+00
2.5018524489999999e-01 -5.0786638172306397e-03 1.3842077129167435e-02 -1.4614296770089606e-02 2.6943240633866055e-03 2.6969149262495076e-06 0.0000000000000000e+00
2.5265599999999999e-01 -5.6236069929999997e-03 1.4216064711999999e-02 -1.5158867023999999e-02 2.8341179584500001e-03 8.1645052956232161e-08 0.0000000000000000e+00
2.5378827269999998e-01 -5.8872605412960150e-03 1.4385914275821025e-02 -1.5415829687683491e-02 2.9003426627743391e-03 2.7551844000846991e-06 0.0000000000000000e+00
2.6009357140000000e-01 -7.5284185563987303e-03 1.5302168629561890e-02 -1.6938802411636197e-02 3.2952891972705292e-03 2.8452354546241315e-06 0.0000000000000000e+00
2.6236199999999998e-01 -8.1958426859999999e-03 1.5613760423999999e-02 -1.7527817950000000e-02 3.4487194962000002e-03 8.1941797665677103e-08 0.0000000000000000e+00
2.6482254550000001e-01 -8.9691928733525144e-03 1.5936248475268564e-02 -1.8193231114423784e-02 3.6221842052932907e-03 2.9746860819364427e-06 0.0000000000000000e+00
2.7000189800000002e-01 -1.0776969869679664e-02 1.6545804841702969e-02 -1.9692257589237209e-02 4.0123377063092137e-03 3.0286913997958206e-06 0.0000000000000000e+00
2.7206900000000001e-01 -1.1570309353000000e-02 1.6755546752499999e-02 -2.0330560165500000e-02 4.1777516942499999e-03 7.9234110359517068e-08 0.0000000000000000e+00
2.7585681820000002e-01 -1.3137519177281134e-02 1.7076246541009390e-02 -2.1565669099036341e-02 4.4957567998081373e-03 3.0526077027187231e-06 0.0000000000000000e+00
2.7991022450000003e-01 -1.4983632922583374e-02 1.7306576904719154e-02 -2.2988594451316045e-02 4.8575144447329990e-03 3.0457339506832541e-06 0.0000000000000000e+00
2.8177500000000000e-01 -1.5893696314500001e-02 1.7365132360000000e-02 -2.3681351146000000e-02 5.0314133590000001e-03 7.0780839169873068e-08 0.0000000000000000e+00
2.8689109089999998e-01 -1.8593013779964709e-02 1.7337344609025244e-02 -2.5718327879438809e-02 5.5324808219433252e-03 2.9698861633932228e-06 0.0000000000000000e+00
2.8981855099999998e-01 -2.0271989823397851e-02 1.7173582978769013e-02 -2.6981810446892501e-02 5.8344242105498600e-03 2.9326206895033227e-06 0.0000000000000000e+00
2.9148099999999999e-01 -2.1268765576999998e-02 1.7024381073999999e-02 -2.7733941102999999e-02 6.0105656034999998e-03 6.1296950671869326e-08 0.0000000000000000e+00
2.9792536359999999e-01 -2.5417134215248324e-02 1.5987938888678908e-02 -3.0911535375255126e-02 6.7216887991916451e-03 2.7934385916953625e-06 0.0000000000000000e+00
2.9972687760000000e-01 -2.6652255878577821e-02 1.5547443928666355e-02 -3.1881503028894365e-02 6.9272341447668946e-03 2.7569536405519398e-06 0.0000000000000000e+00
3.0118699999999998e-01 -2.7675161549500001e-02 1.5135093890500001e-02 -3.2696456797500002e-02 7.0954824800000000e-03 5.1468203067354012e-08 0.0000000000000000e+00
3.0895963640000002e-01 -3.3373727627408055e-02 1.1979308153764049e-02 -3.7513038688098813e-02 8.0014686001589602e-03 2.5523068159032886e-06 0.0000000000000000e+00
3.0963520410000001e-01 -3.3882605356492852e-02 1.1618993780799365e-02 -3.7973571455626576e-02 8.0797946307852846e-03 2.5366399505668614e-06 0.0000000000000000e+00
3.1089400000000000e-01 -3.4832721981000000e-02 1.0907104490500001e-02 -3.8850935643499999e-02 8.2248511605000005e-03 4.1161370865514808e-08 0.0000000000000000e+00
3.1954353060000001e-01 -4.1254383827570441e-02 4.4248216843554523e-03 -4.5645736251101500e-02 9.1567802364235142e-03 2.3117209431459917e-06 0.0000000000000000e+00
3.1999390909999997e-01 -4.1572902452641530e-02 4.0045658537056876e-03 -4.6039821480747520e-02 9.2001362948511654e-03 2.3019857832908075e-06 0.0000000000000000e+00
3.2060000000000000e-01 -4.1997098539499997e-02 3.4253974589500001e-03 -4.6576854898499997e-02 9.2572921204999992e-03 3.1739272941903302e-08 0.0000000000000000e+00
3.2945185710000002e-01 -4.7324494558634085e-02 -6.9253459615239354e-03 -5.5413319558365051e-02 9.8728286780596242e-03 2.0011818793679096e-06 0.0000000000000000e+00
3.3030599999999999e-01 -4.7716560456500003e-02 -8.1160476370000009e-03 -5.6373772534999998e-02 9.9022623649999992e-03 2.3629908640190047e-08 0.0000000000000000e+00
3.3102818179999999e-01 -4.8025751735028405e-02 -9.1491300269816896e-03 -5.7202008933964897e-02 9.9216697204624650e-03 1.9770418484689090e-06 0.0000000000000000e+00
3.3936018369999998e-01 -4.9716597776350867e-02 -2.2732038707910789e-02 -6.7928906740225156e-02 9.6671979762172951e-03 1.8700082176755983e-06 0.0000000000000000e+00
3.4001199999999998e-01 -4.9671164620500002e-02 -2.3912721972499999e-02 -6.8866764605000005e-02 9.5997939629999997e-03 1.6851560747152675e-08 0.0000000000000000e+00
3.4206245450000000e-01 -4.9324604192219401e-02 -2.7716899627718596e-02 -7.1916366447745794e-02 9.3297262238952895e-03 1.8424563731417408e-06 0.0000000000000000e+00
3.4926851019999999e-01 -4.5276197927996573e-02 -4.1855651012854080e-02 -8.3929959926476949e-02 7.4945643257806199e-03 1.7827414813723446e-06 0.0000000000000000e+00
3.4971900000000000e-01 -4.4859284086999997e-02 -4.2756727151999997e-02 -8.4750648999999997e-02 7.3233568139999998e-03 1.1012850048877690e-08 0.0000000000000000e+00
3.5309672730000002e-01 -4.1048502605183966e-02 -4.9473532521153565e-02 -9.1187727552876796e-02 5.7707175243491100e-03 1.7477371552594326e-06 0.0000000000000000e+00
3.5917683670000000e-01 -3.1004076015735956e-02 -6.0765565619824852e-02 -1.0401425300930295e-01 1.5181768671966005e-03 1.7175550000297236e-06 0.0000000000000000e+00
3.5942499999999999e-01 -3.0505669869999998e-02 -6.1186873354999997e-02 -1.0457070255000001e-01 1.2969654906000000e-03 9.0931388138764547e-09 0.0000000000000000e+00
3.6413099999999998e-01 -1.9760777111736946e-02 -6.8275456610836796e-02 -1.1559846190150574e-01 -3.7684978374537457e-03 1.6973829102978112e-06 0.0000000000000000e+00
3.6908516330000002e-01 -6.0598579798911796e-03 -7.3235323195918994e-02 -1.2802927205398645e-01 -1.1201105780043104e-02 1.6791823529759951e-06 0.0000000000000000e+00
3.6913099999999999e-01 -5.9233908100000000e-03 -7.3266274584999999e-02 -1.2814733468000000e-01 -1.1281516505000000e-02 1.0861647749199014e-08 0.0000000000000000e+00
3.7516527270000000e-01 1.3096523836161989e-02 -7.4465366773003944e-02 -1.4392171242260796e-01 -2.4025451886528496e-02 1.6564360762865325e-06 0.0000000000000000e+00
3.7883699999999998e-01 2.5122058036999999e-02 -7.2083181425000004e-02 -1.5343554536000001e-01 -3.4110431754500001e-02 1.5888528825162632e-08 0.0000000000000000e+00
3.7899348980000003e-01 2.5630126901719900e-02 -7.1925807577870496e-02 -1.5383254513087721e-01 -3.4582130699375102e-02 1.6415630076659443e-06 0.0000000000000000e+00
3.8619954550000002e-01 4.7448530589289772e-02 -5.9700290711910700e-02 -1.7062531457563371e-01 -6.0300446711551950e-02 1.6249284145999488e-06 0.0000000000000000e+00
3.8854300000000003e-01 5.3371146320000000e-02 -5.3763134689999999e-02 -1.7509697155000001e-01 -7.0336425655000007e-02 2.0806696458703090e-08 0.0000000000000000e+00
3.8890181629999998e-01 5.4204698578556851e-02 -5.2781493609231699e-02 -1.7572123514528681e-01 -7.1939869557061595e-02 1.6092111257762341e-06 0.0000000000000000e+00
3.9723381819999998e-01 6.6845851199058753e-02 -2.6014974948214260e-02 -1.8443781266590786e-01 -1.1360733438832415e-01 1.5606566173987255e-06 0.0000000000000000e+00
3.9824999999999999e-01 6.7396391350000001e-02 -2.2459216507500001e-02 -1.8460017512499999e-01 -1.1912879731999999e-01 2.6535724927300544e-08 0.0000000000000000e+00
3.9881014290000000e-01 6.7602829461020406e-02 -2.0494121083451219e-02 -1.8459504620437961e-01 -1.2219973017412815e-01 1.5512135523286845e-06 0.0000000000000000e+00
4.0795599999999999e-01 6.1774027425000003e-02 9.3754464320000008e-03 -1.7453542143000000e-01 -1.7267440773000001e-01 3.2362611089725342e-08 0.0000000000000000e+00
4.0826809089999999e-01 6.1306044613932048e-02 1.0250375859677955e-02 -1.7386191658726349e-01 -1.7433936748387641e-01 1.4961700519261251e-06 0.0000000000000000e+00
4.0871846940000001e-01 6.0605446347018949e-02 1.1489272155582301e-02 -1.7285359317091920e-01 -1.7672736132069369e-01 1.4941662901789748e-06 0.0000000000000000e+00
4.1766199999999998e-01 4.2355416467000001e-02 2.9496048018500001e-02 -1.4501550519500001e-01 -2.1908762310499999e-01 3.7039017344376869e-08 0.0000000000000000e+00
4.1862679590000001e-01 4.0121708431958593e-02 3.0647363344108350e-02 -1.4128896031863114e-01 -2.2293599869091335e-01 1.4412107211699244e-06 0.0000000000000000e+00
4.1930236360000001e-01 3.8552152701548041e-02 3.1363963370648347e-02 -1.3861689623991505e-01 -2.2553597597691574e-01 1.4381048488896447e-06 0.0000000000000000e+00
4.2736800000000003e-01 2.0650824408499999e-02 3.4815284167999998e-02 -1.0406447687000001e-01 -2.5033496060999999e-01 4.2381072509469272e-08 0.0000000000000000e+00
4.2853512240000002e-01 1.8331359121862050e-02 3.4655055994112262e-02 -9.8851744453258644e-02 -2.5297992558504312e-01 1.4274134040287593e-06 0.0000000000000000e+00
4.3033663640000003e-01 1.4937796036720324e-02 3.4155020754879098e-02 -9.0788354622489104e-02 -2.5662248826383666e-01 1.4289405449364221e-06 0.0000000000000000e+00
4.3707499999999999e-01 4.4723174781499996e-03 3.0270328319499998e-02 -6.1140150514999998e-02 -2.6591923969999998e-01 4.6435515056357543e-08 0.0000000000000000e+00
4.3844344899999999e-01 2.7862289691730248e-03 2.9220132553639946e-02 -5.5319168803127650e-02 -2.6706800157537552e-01 1.4634123231203809e-06 0.0000000000000000e+00
4.4137090909999999e-01 -3.4175392869029863e-04 2.6816432312533070e-02 -4.3191001450463257e-02 -2.6881253763308405e-01 1.4867697005624719e-06 0.0000000000000000e+00
4.4678099999999998e-01 -4.5566761740500001e-03 2.2142572950500001e-02 -2.2098172786500000e-02 -2.6986797977999999e-01 5.0344545791498472e-08 0.0000000000000000e+00
4.4835177549999999e-01 -5.4444420913898504e-03 2.0794671027192520e-02 -1.6318944658965086e-02 -2.6973728002393438e-01 1.5519560229458720e-06 0.0000000000000000e+00
4.5648699999999998e-01 -8.1517535095000006e-03 1.4337423154000000e-02 1.1083829932500001e-02 -2.6676350659499998e-01 5.3624519323037290e-08 0.0000000000000000e+00
4.6619300000000002e-01 -8.5839614100000003e-03 8.3324403760000002e-03 3.8625264928499999e-02 -2.5999875811000001e-01 5.5958286550258433e-08 0.0000000000000000e+00
