# Q = G M A_out^(2)/(A_1 A_2), strain amplitudes, Eq. (29); strain phases of Eq. (19) and (-1)^m' of Eq. (39) included; M = 1; r* = r + 2 log(r/2 - 1)
# sector=ooe l1=2 m1=2 l2=3 m2=3 l=5 m=5 omega1=omega2=Momega_parent; symmetry factor: none (distinct parents)
# representative=0 order=2
# rel_err: |Q(domain 2) - Q(domain 1)|/|Q|, two outer integration radii
# Momega_parent Re_Qin Im_Qin Re_Qout Im_Qout rel_err gap_before
1.0000000000000000e-02 1.2926138259000001e-05 -4.9790968770999998e-06 -1.3851834055000000e-05 5.6118831528999998e-08 3.4576884663323356e-03 0.0000000000000000e+00
2.2176999999999999e-02 5.4660882444000002e-05 -4.3431495200000002e-05 -6.9811873703000003e-05 6.3963715187999996e-07 1.9436777110288804e-04 0.0000000000000000e+00
3.4354000000000003e-02 1.0468462673000000e-04 -1.3622036607999999e-04 -1.7178087896000001e-04 2.4877507179999999e-06 3.3246088427895519e-05 0.0000000000000000e+00
4.6531000000000003e-02 1.4051981323000000e-04 -2.9127331476000001e-04 -3.2333269584000000e-04 6.4754434825000000e-06 8.5614555368226966e-06 0.0000000000000000e+00
5.8708000000000003e-02 1.4239783414999999e-04 -5.0903825399000000e-04 -5.2840422689999999e-04 1.3641177213000000e-05 6.2143524560612893e-06 0.0000000000000000e+00
7.0885000000000004e-02 9.4556494702999994e-05 -7.8608233988000003e-04 -7.9134729856000004e-04 2.5219034643000000e-05 3.5999705612817609e-06 0.0000000000000000e+00
8.3061999999999997e-02 -1.4627763926999999e-05 -1.1177035140000000e-03 -1.1169846529000000e-03 4.2678070629999998e-05 2.1308853588188503e-06 0.0000000000000000e+00
9.5239000000000004e-02 -1.9302504782000001e-04 -1.4998258578000001e-03 -1.5106780911999999e-03 6.7770826879000001e-05 4.3934648344823763e-07 0.0000000000000000e+00
1.0741600000000000e-01 -4.4531224836999998e-04 -1.9303669040000001e-03 -1.9784120510999998e-03 1.0259350194000001e-04 1.0222284458898556e-06 0.0000000000000000e+00
1.1959300000000000e-01 -7.7350961142000005e-04 -2.4102294608999999e-03 -2.5268951601000000e-03 1.4966088739000000e-04 1.5475883424437426e-06 0.0000000000000000e+00
1.3177000000000000e-01 -1.1773710167999999e-03 -2.9440436877000002e-03 -3.1636844651000001e-03 2.1200002615000000e-04 7.3071913383582903e-07 0.0000000000000000e+00
1.4394699999999999e-01 -1.6545453146000000e-03 -3.5407593929999998e-03 -3.8973394364999999e-03 2.9326764816999998e-04 1.2808478359387198e-07 0.0000000000000000e+00
1.5184500000000001e-01 -2.0011820790685102e-03 -3.9677195394327751e-03 -4.4295353281103150e-03 3.5815452238484281e-04 8.7092059253903996e-07 0.0000000000000000e+00
1.5612400000000001e-01 -2.2004422734000001e-03 -4.2141630776000001e-03 -4.7376155523999996e-03 3.9789777124000001e-04 3.3950580563567279e-07 0.0000000000000000e+00
1.6424051020000000e-01 -2.5990054739822590e-03 -4.7148231066711588e-03 -5.3623891255302168e-03 4.8323424210809689e-04 1.5240702058173285e-08 0.0000000000000000e+00
1.6830100000000001e-01 -2.8077351431000002e-03 -4.9833687724000000e-03 -5.6957111396000000e-03 5.3128745147000003e-04 2.0268111467980308e-07 0.0000000000000000e+00
1.7663602040000001e-01 -3.2533368050399200e-03 -5.5777338414985432e-03 -6.4260593891295511e-03 6.4251844740224147e-04 1.1156580066203052e-06 0.0000000000000000e+00
1.8047800000000000e-01 -3.4654144841000001e-03 -5.8733029690000004e-03 -6.7845856745000002e-03 7.0003046200999995e-04 2.8370839472980638e-07 0.0000000000000000e+00
1.8903153060000000e-01 -3.9490703902219527e-03 -6.5871695946851938e-03 -7.6357147843053664e-03 8.4398746733927376e-04 3.2677235635911198e-06 0.0000000000000000e+00
1.9265499999999999e-01 -4.1572764017000002e-03 -6.9151700890000001e-03 -8.0193773462000004e-03 9.1221082670000001e-04 3.8525216316512145e-07 0.0000000000000000e+00
2.0142704080000001e-01 -4.6639654181449500e-03 -7.7808823207649808e-03 -9.0092510421124414e-03 1.0974824931482101e-03 5.2241383164521675e-06 0.0000000000000000e+00
2.0483199999999999e-01 -4.8596766616999998e-03 -8.1468286917999993e-03 -9.4179545424000009e-03 1.1777697277000000e-03 2.8387035251134031e-07 0.0000000000000000e+00
2.1382255100000000e-01 -5.3654864850447631e-03 -9.2039093075188590e-03 -1.0568029348413119e-02 1.4151721103754420e-03 5.4571330728272280e-06 0.0000000000000000e+00
2.1700900000000001e-01 -5.5383149703999998e-03 -9.6129247564000000e-03 -1.1001655214000001e-02 1.5089610286999999e-03 2.9860388002218033e-07 0.0000000000000000e+00
2.2621806119999999e-01 -6.0063222736712876e-03 -1.0908334649942789e-02 -1.2337878158157199e-02 1.8121293239981350e-03 5.3836027540320857e-06 0.0000000000000000e+00
2.2918600000000000e-01 -6.1437261059000001e-03 -1.1364473069000000e-02 -1.2796287066000001e-02 1.9209104618000000e-03 2.8463669663595331e-07 0.0000000000000000e+00
2.3861357140000000e-01 -6.5181442966451382e-03 -1.2952009350557360e-02 -1.4350464960269600e-02 2.3070341733599500e-03 4.8756487545920396e-06 0.0000000000000000e+00
2.4136299999999999e-01 -6.6050682575999999e-03 -1.3457307311000000e-02 -1.4833493046000000e-02 2.4322905843999999e-03 1.9987280497108286e-07 0.0000000000000000e+00
2.5100908160000002e-01 -6.8031056210311643e-03 -1.5395209849380150e-02 -1.6645191189267560e-02 2.9230094134693168e-03 4.3598114933875077e-06 0.0000000000000000e+00
2.5353999999999999e-01 -6.8217686881000003e-03 -1.5948346448999999e-02 -1.7152629599000001e-02 3.0661149810999998e-03 1.6982670236344117e-07 0.0000000000000000e+00
2.6340459179999998e-01 -6.7226968005134578e-03 -1.8293411846779791e-02 -1.9271824823186619e-02 3.6885781453742800e-03 4.5908196197416073e-06 0.0000000000000000e+00
2.6571699999999998e-01 -6.6527638305000003e-03 -1.8887838769999998e-02 -1.9803365914000001e-02 3.8506362012999998e-03 1.3391443526305588e-07 0.0000000000000000e+00
2.7580010199999999e-01 -6.0842166584114989e-03 -2.1683102651163470e-02 -2.2294180054263320e-02 4.6386959292714393e-03 4.5520173662927290e-06 0.0000000000000000e+00
2.7789399999999997e-01 -5.9037995726999998e-03 -2.2304552402000001e-02 -2.2849297384000000e-02 4.8202943662000002e-03 1.0133521013019775e-07 0.0000000000000000e+00
2.8819561220000001e-01 -4.6269741649539696e-03 -2.5555881991292110e-02 -2.5795275940216470e-02 5.8157394753767860e-03 4.7673354497696110e-06 0.0000000000000000e+00
2.9007100000000002e-01 -4.3152189267999996e-03 -2.6179394974999999e-02 -2.6372984637999999e-02 6.0165945405999998e-03 1.1326124154908687e-07 0.0000000000000000e+00
3.0059112240000002e-01 -2.0146176536013790e-03 -2.9814744082856521e-02 -2.9884584335715760e-02 7.2702074323224104e-03 5.1261876193156809e-06 0.0000000000000000e+00
3.0224800000000002e-01 -1.5569441678000000e-03 -3.0401984472000002e-02 -3.0482992685000002e-02 7.4886674041999999e-03 1.2947119421050232e-07 0.0000000000000000e+00
3.1298663269999999e-01 2.1520120424353508e-03 -3.4207876775691898e-02 -3.4708219117922788e-02 9.0606640739784895e-03 5.4464971884732354e-06 0.0000000000000000e+00
3.1442500000000001e-01 2.7550491410000002e-03 -3.4706781626000001e-02 -3.5323726472000001e-02 9.2930519121999997e-03 1.1501662766194328e-07 0.0000000000000000e+00
3.2538214290000000e-01 8.2761868418168086e-03 -3.8245199986377612e-02 -4.0463243684264308e-02 1.1252063501300501e-02 5.7973539554646667e-06 0.0000000000000000e+00
3.2660200000000000e-01 8.9969195142999992e-03 -3.8595798639999998e-02 -4.1089155911999999e-02 1.1491865953999999e-02 1.1121857079591598e-07 0.0000000000000000e+00
3.3777765310000002e-01 1.6630244024623340e-02 -4.1128795248351883e-02 -4.7417702009468619e-02 1.3910908837517310e-02 5.8306420845546722e-06 0.0000000000000000e+00
3.3877900000000000e-01 1.7403355679000001e-02 -4.1279825855999999e-02 -4.8041907586000000e-02 1.4147888387999999e-02 1.0339679914317948e-07 0.0000000000000000e+00
3.5017316329999998e-01 2.7136999472209270e-02 -4.1768435266812877e-02 -5.5938505197838669e-02 1.7094511320280240e-02 5.7203144627881178e-06 0.0000000000000000e+00
3.5095599999999999e-01 2.7860942042000000e-02 -4.1705438269999999e-02 -5.6539668665000001e-02 1.7313969455000001e-02 8.1818475518536617e-08 0.0000000000000000e+00
3.6256867349999999e-01 3.9136431391050573e-02 -3.8970971903799521e-02 -6.6529883211969384e-02 2.0829531666821600e-02 5.4871879585088105e-06 0.0000000000000000e+00
3.6313299999999998e-01 3.9698660990000002e-02 -3.8744926380000003e-02 -6.7071347259999997e-02 2.1012263186000000e-02 7.0675961681500866e-08 0.0000000000000000e+00
3.7496418370000001e-01 5.1302500575393872e-02 -3.1814585992053258e-02 -7.9885519037085101e-02 2.5071293785423360e-02 5.2540707979831427e-06 0.0000000000000000e+00
3.7500000000000000e-01 5.1336224513684983e-02 -3.1787142716165007e-02 -7.9928961545824087e-02 2.5084150628399780e-02 5.2534073777061345e-06 0.0000000000000000e+00
3.7530999999999998e-01 5.1627163625000000e-02 -3.1548291967999999e-02 -8.0305761143999996e-02 2.5195401235000001e-02 6.4535622452494895e-08 0.0000000000000000e+00
3.8735969390000002e-01 6.1856843605295628e-02 -2.0038827651840320e-02 -9.6957059739457285e-02 2.9628739363057079e-02 5.0664168908704428e-06 0.0000000000000000e+00
3.8748700000000003e-01 6.1950113538000000e-02 -1.9895641762999999e-02 -9.7155167010999993e-02 2.9675726456000001e-02 5.1859075303838655e-08 0.0000000000000000e+00
3.9078947370000000e-01 6.4245386557346379e-02 -1.6019653780411380e-02 -1.0250069957339580e-01 3.0892069715990459e-02 5.0241340788410690e-06 0.0000000000000000e+00
3.9966400000000002e-01 6.8968359586999997e-02 -4.3144166531000000e-03 -1.1885295009000001e-01 3.3997944027000002e-02 4.2815277745830154e-08 0.0000000000000000e+00
3.9975520409999998e-01 6.9004899299947922e-02 -4.1848019157653786e-03 -1.1903848643345250e-01 3.4027893967935492e-02 4.9373919376809639e-06 0.0000000000000000e+00
4.0657894740000000e-01 7.0942036267946471e-02 5.8807861641798284e-03 -1.3393855046733019e-01 3.6050423439028527e-02 4.8979652693136780e-06 0.0000000000000000e+00
4.1184100000000001e-01 7.1307333806999995e-02 1.4100919948000000e-02 -1.4703437405000000e-01 3.7211405785999997e-02 3.9258159164158685e-08 0.0000000000000000e+00
4.1215071430000000e-01 7.1296366169779482e-02 1.4595133072464069e-02 -1.4785427558249339e-01 3.7265141079719302e-02 4.8816028796927043e-06 0.0000000000000000e+00
4.2236842110000000e-01 6.8783446468607803e-02 3.1242751297815320e-02 -1.7821469399768761e-01 3.7708062330646587e-02 4.8539464024003465e-06 0.0000000000000000e+00
4.2401800000000001e-01 6.7969546699999994e-02 3.3962023559999999e-02 -1.8377807346000000e-01 3.7465958899999999e-02 3.3401373421040218e-08 0.0000000000000000e+00
4.2454622450000001e-01 6.7683616556424922e-02 3.4833549755134398e-02 -1.8560391472927071e-01 3.7364839801004572e-02 4.8592254809962260e-06 0.0000000000000000e+00
4.3619500000000000e-01 5.8170775991999997e-02 5.3678403921999997e-02 -2.3147868613000000e-01 3.1310487404999997e-02 2.7258886573159425e-08 0.0000000000000000e+00
4.3694173469999997e-01 5.7342754242156978e-02 5.4841997157012677e-02 -2.3481463222347751e-01 3.0604643949579818e-02 4.8959141187336370e-06 0.0000000000000000e+00
4.3815789469999999e-01 5.5936794612275041e-02 5.6717614165976551e-02 -2.4035128247892401e-01 2.9352405512416791e-02 4.8985951139709424e-06 0.0000000000000000e+00
4.4837199999999999e-01 4.1201388269000001e-02 7.1225234666000004e-02 -2.9219390562999997e-01 1.2557259991000000e-02 2.3546750192992267e-08 0.0000000000000000e+00
4.4933724489999999e-01 3.9531461230627188e-02 7.2444469541723802e-02 -2.9758839209777210e-01 1.0256803954260089e-02 4.9482635352343860e-06 0.0000000000000000e+00
4.5394736840000000e-01 3.0893534574257021e-02 7.7768372009845474e-02 -3.2444057883243782e-01 -2.8899462041230631e-03 4.9403333943208160e-06 0.0000000000000000e+00
4.6054800000000001e-01 1.6643979611999999e-02 8.3600209068000003e-02 -3.6560004221999998e-01 -2.9189512952999999e-02 1.8334500397430719e-08 0.0000000000000000e+00
4.6173275510000000e-01 1.3864355428451280e-02 8.4372005889569140e-02 -3.7323169698293118e-01 -3.5009374688752787e-02 4.8929788231213785e-06 0.0000000000000000e+00
4.6973684210000000e-01 -6.4436814117740382e-03 8.6804223913507450e-02 -4.2521090948069828e-01 -8.4966428976729208e-02 4.7949896890727051e-06 0.0000000000000000e+00
4.7412826530000002e-01 -1.8414516747300550e-02 8.5673544457557801e-02 -4.5248225940017828e-01 -1.2133591291172180e-01 4.7229631975452696e-06 0.0000000000000000e+00
4.8552631580000000e-01 -4.9218059937179669e-02 7.2540156527658328e-02 -5.0569606027476210e-01 -2.4894890674768999e-01 4.4665427589551692e-06 0.0000000000000000e+00
4.8652377549999998e-01 -5.1682100057945053e-02 7.0636448572637386e-02 -5.0829776805865878e-01 -2.6231178255793047e-01 4.4454893819744059e-06 0.0000000000000000e+00
4.9891928569999999e-01 -7.4008175014728686e-02 3.8171846303471223e-02 -4.9577198888028179e-01 -4.4584671289203998e-01 4.2118600691523128e-06 0.0000000000000000e+00
5.0131578950000000e-01 -7.5917075854349647e-02 3.0596386563424689e-02 -4.8222236921202200e-01 -4.8200377954791163e-01 4.1755697124576669e-06 0.0000000000000000e+00
5.1131479589999995e-01 -7.3910709316217696e-02 -7.2098760127551568e-04 -3.8782731460731912e-01 -6.1486418338286786e-01 3.8849937670654528e-06 0.0000000000000000e+00
5.1710526320000005e-01 -6.6275613867793237e-02 -1.5916878032040511e-02 -3.1247308565329951e-01 -6.6943795063322842e-01 3.8607009530000327e-06 0.0000000000000000e+00
5.2371030610000002e-01 -5.3954273136440890e-02 -2.8595851470160499e-02 -2.1922443359533300e-01 -7.0703151664936481e-01 3.8615087234412870e-06 0.0000000000000000e+00
5.3289473679999999e-01 -3.4812214597940663e-02 -3.7441190784118270e-02 -9.4332702401116755e-02 -7.1969807699136612e-01 3.8942754672265629e-06 0.0000000000000000e+00
5.3610581629999998e-01 -2.8423108164460951e-02 -3.8425864498743918e-02 -5.4873984920408417e-02 -7.1560741699904051e-01 3.9051445073272866e-06 0.0000000000000000e+00
5.4850132650000005e-01 -8.1257357371617295e-03 -3.5309203845950710e-02 7.0187585453795498e-02 -6.7519916967637539e-01 3.8975418523604711e-06 0.0000000000000000e+00
5.4868421050000005e-01 -7.8867676280525364e-03 -3.5206189926161847e-02 7.1707659427463183e-02 -6.7441924856658886e-01 3.8989759471606868e-06 0.0000000000000000e+00
5.6089683670000001e-01 4.1520051567107931e-03 -2.6665662765959872e-02 1.5460492169558340e-01 -6.1825742670805373e-01 3.7269763527543047e-06 0.0000000000000000e+00
5.6447368419999999e-01 6.3547559843982219e-03 -2.3901238158211120e-02 1.7287271781901700e-01 -6.0149474315913509e-01 3.6473481802570424e-06 0.0000000000000000e+00
5.7329234689999997e-01 9.7484016266967868e-03 -1.7313351814254981e-02 2.0900853995531379e-01 -5.6181350408066444e-01 3.4039096381954331e-06 0.0000000000000000e+00
