# Q = G M A_out^(2)/(A_1 A_2), strain amplitudes, Eq. (29); strain phases of Eq. (19) and (-1)^m' of Eq. (39) included; M = 1; r* = r + 2 log(r/2 - 1)
# sector=eee l1=2 m1=2 l2=2 m2=-2 l=2 m=0 omega1=omega2=Momega_parent; symmetry factor: none (distinct parents)
# rel_err: |Q(domain 2) - Q(domain 1)|/|Q|, two outer integration radii
# Momega_parent Re_Qin Im_Qin Re_Qout Im_Qout rel_err gap_before
5.0000000000000001e-04 1.9594300048873859e-07 -5.2573351606094248e-09 1.9601332846769310e-07 2.7217005166578057e-10 0.0000000000000000e+00 0.0000000000000000e+00
1.0000000000000000e-03 7.8286856847760394e-07 -3.7684028694392400e-08 7.8377200025824678e-07 2.1755780839363281e-09 0.0000000000000000e+00 0.0000000000000000e+00
2.5000000000000001e-03 4.8895455062316949e-06 -4.9967403601175364e-07 4.9148911168945614e-06 3.4274025816989719e-08 0.0000000000000000e+00 0.0000000000000000e+00
5.0000000000000001e-03 1.9461240190677659e-05 -3.4552774553046310e-06 1.9763653668862240e-05 2.7713843050475368e-07 0.0000000000000000e+00 0.0000000000000000e+00
6.0000000000000001e-03 2.7948960750224881e-05 -5.7233091038856699e-06 2.8524884553300961e-05 4.8128508929822883e-07 0.0000000000000000e+00 0.0000000000000000e+00
7.0000000000000001e-03 3.7926675455296203e-05 -8.7549688586498559e-06 3.8916471002760318e-05 7.6842403596073449e-07 0.0000000000000000e+00 0.0000000000000000e+00
8.0000000000000002e-03 4.9368851651654627e-05 -1.2637175077781960e-05 5.0947582674541942e-05 1.1513153225318490e-06 0.0000000000000000e+00 0.0000000000000000e+00
8.9999999999999993e-03 6.2249347640871961e-05 -1.7446279226927111e-05 6.4626929894834678e-05 1.6473836685889151e-06 0.0000000000000000e+00 0.0000000000000000e+00
1.0000000000000000e-02 7.6649435586428910e-05 -2.3450595779838791e-05 8.0128432346391736e-05 2.1214966115504308e-06 3.0333585501788338e-03 0.0000000000000000e+00
1.1450475700000001e-02 9.9548109373632848e-05 -3.3760656581878597e-05 1.0506762807407680e-04 3.2251424236569072e-06 2.1631063339751350e-03 0.0000000000000000e+00
1.3111339370000001e-02 1.3000203200182550e-04 -4.8525556526101808e-05 1.3866426758667139e-04 5.2420278200456708e-06 1.7538950539284746e-03 0.0000000000000000e+00
1.4409999999999999e-02 1.5574716431430611e-04 -6.2512743314869346e-05 1.6768098586507829e-04 6.9360830911874629e-06 1.6380674618613393e-03 0.0000000000000000e+00
1.5013107289999999e-02 1.6825533923746751e-04 -6.9624964675245741e-05 1.8192099259150879e-04 7.8896985636021786e-06 2.1622464393431778e-03 0.0000000000000000e+00
1.7190722020000000e-02 2.1878064331984381e-04 -9.9956721174344204e-05 2.4021813744421749e-04 1.2311070060552740e-05 1.5551098173338807e-03 0.0000000000000000e+00
1.8818999999999999e-02 2.5984222544418322e-04 -1.2764007792320881e-04 2.8906845920300832e-04 1.5792324708942660e-05 1.3420145912889096e-04 0.0000000000000000e+00
1.9684194469999999e-02 2.8247150319914182e-04 -1.4369555163011911e-04 3.1640962655333788e-04 1.7986381446802259e-05 1.5244996638097950e-03 0.0000000000000000e+00
2.2539339049999999e-02 3.6501186139070409e-04 -2.0543604510910341e-04 4.1794211345871370e-04 2.7604663469805631e-05 6.1338658267207872e-04 0.0000000000000000e+00
2.3227999999999999e-02 3.8641467556799230e-04 -2.2245205564895519e-04 4.4483751063569108e-04 3.0344814587427642e-05 4.6825346072027824e-04 0.0000000000000000e+00
2.5808615399999998e-02 4.7020823183797282e-04 -2.9274815463774918e-04 5.5227104962014015e-04 4.2355062661409248e-05 4.2796621070871280e-04 0.0000000000000000e+00
2.7637999999999999e-02 5.3362418504226321e-04 -3.5001577490974370e-04 6.3603184022347685e-04 5.2242820340531133e-05 3.7418033256131816e-04 0.0000000000000000e+00
2.9552092350000000e-02 6.0261874746051489e-04 -4.1545243499079422e-04 7.2910565771012591e-04 6.4459455784170308e-05 1.7538387330180147e-03 0.0000000000000000e+00
3.2046999999999999e-02 6.9991990770924524e-04 -5.1266074604511659e-04 8.6358332990468551e-04 8.3263151647994908e-05 2.4243321921543990e-04 0.0000000000000000e+00
3.3838551529999997e-02 7.7271379448723171e-04 -5.8915265823686054e-04 9.6663907159152832e-04 9.8976625293553314e-05 1.5141392119643848e-04 0.0000000000000000e+00
3.6457000000000003e-02 8.8428917936287364e-04 -7.1229092296814351e-04 1.1285438505232409e-03 1.2535748192682721e-04 1.2612992341072166e-04 0.0000000000000000e+00
3.8746751199999999e-02 9.8759365287274625e-04 -8.3043305952275456e-04 1.2812126113871079e-03 1.5314878828256409e-04 6.7601166272734286e-04 0.0000000000000000e+00
4.0867000000000001e-02 1.0861011379995739e-03 -9.5027680338126484e-04 1.4317885551822871e-03 1.8061907096700400e-04 6.0966908908271053e-05 0.0000000000000000e+00
4.4366873309999999e-02 1.2573706986066979e-03 -1.1639431560683611e-03 1.6970126884607310e-03 2.3641648070652611e-04 2.0440857214891646e-03 0.0000000000000000e+00
4.5275999999999997e-02 1.3052419219391021e-03 -1.2275966612131230e-03 1.7741177831334860e-03 2.5130901254265009e-04 3.8423921656003227e-05 0.0000000000000000e+00
4.9686000000000001e-02 1.5423853344566181e-03 -1.5451992180336510e-03 2.1566252048728519e-03 3.3994281134475259e-04 1.1167388268407363e-05 0.0000000000000000e+00
5.0802180470000000e-02 1.6044469535650911e-03 -1.6310706808613871e-03 2.2585775224042951e-03 3.6533475075381088e-04 5.8778664071534826e-04 0.0000000000000000e+00
5.4094999999999997e-02 1.7985474812541411e-03 -1.9034497278229800e-03 2.5799477776430411e-03 4.4918146611329558e-04 1.9912515816010942e-05 0.0000000000000000e+00
5.8170913290000001e-02 2.0510390272553032e-03 -2.2680265122500881e-03 3.0042469942485302e-03 5.7026897561012835e-04 1.3410402045068931e-03 0.0000000000000000e+00
5.8505000000000001e-02 2.0755811784025371e-03 -2.3028089934693922e-03 3.0450386371193038e-03 5.8198593960994999e-04 2.4647139386983936e-05 0.0000000000000000e+00
6.2913999999999998e-02 2.3757727922310290e-03 -2.7431521498075240e-03 3.5523758905843150e-03 7.4149094601966227e-04 1.4842396757381628e-05 0.0000000000000000e+00
6.6608462909999999e-02 2.6435064471530402e-03 -3.1400626309085380e-03 4.0055651866743270e-03 8.9642245965619203e-04 1.3163837983223956e-03 0.0000000000000000e+00
6.7322999999999994e-02 2.7023489289765760e-03 -3.2244723316775131e-03 4.1027715889681649e-03 9.3122695743077014e-04 1.8806819348728407e-05 0.0000000000000000e+00
7.1733000000000005e-02 3.0591770923325801e-03 -3.7464103461748990e-03 4.6968107961798903e-03 1.1550485438715360e-03 2.0191442810892267e-05 0.0000000000000000e+00
7.6143000000000002e-02 3.4506589108351271e-03 -4.3079797107633830e-03 5.3345798976197362e-03 1.4170464074158391e-03 8.0356560296855584e-06 0.0000000000000000e+00
7.6269858590000003e-02 3.4615057995804810e-03 -4.3246666489666352e-03 5.3531412212879858e-03 1.4243141146114979e-03 2.0273770829876394e-04 0.0000000000000000e+00
8.0551999999999999e-02 3.8821434147031141e-03 -4.9080399629955950e-03 6.0162744248011338e-03 1.7217395934336539e-03 2.1777776398505696e-05 0.0000000000000000e+00
8.4960999999999995e-02 4.3598503915215914e-03 -5.5450331588173460e-03 6.7419233247072996e-03 2.0741872751639120e-03 3.6308495709447291e-05 0.0000000000000000e+00
8.7332616239999994e-02 4.6414633211109583e-03 -5.9079006388948916e-03 7.1567580746271517e-03 2.2863543363516041e-03 7.7600573858027351e-04 0.0000000000000000e+00
8.9371000000000006e-02 4.8912899672717888e-03 -6.2174814005442327e-03 7.5120498039851786e-03 2.4801352206102289e-03 3.2452126116471806e-05 0.0000000000000000e+00
9.3781000000000003e-02 5.4835375788069964e-03 -6.9210116740231926e-03 8.3243586201055923e-03 2.9453251157355231e-03 1.5032485166618533e-05 0.0000000000000000e+00
9.8190000000000000e-02 6.1456487406221236e-03 -7.6525347454767870e-03 9.1785558554653320e-03 3.4763363356181960e-03 3.9768384538158392e-05 0.0000000000000000e+00
1.0000000000000001e-01 6.4404834168699174e-03 -7.9601622552699248e-03 9.5414689764260919e-03 3.7155107579519070e-03 5.1429674306479196e-05 0.0000000000000000e+00
1.0259900000000000e-01 6.8882521608224423e-03 -8.4073542491618705e-03 1.0073505212123589e-02 4.0812971913165991e-03 1.8169625938661991e-05 0.0000000000000000e+00
1.0700900000000001e-01 7.7210141027519927e-03 -9.1773247004869468e-03 1.1004826342735431e-02 4.7678706370057793e-03 1.5270428392642995e-04 0.0000000000000000e+00
1.1141900000000000e-01 8.6589744903599712e-03 -9.9583574837505493e-03 1.1974093518314190e-02 5.5470868530100399e-03 1.2360488360767733e-05 0.0000000000000000e+00
1.1582800000000000e-01 9.7101136420757184e-03 -1.0733220860060389e-02 1.2968938890126489e-02 6.4264120956145556e-03 1.4959372396098188e-04 0.0000000000000000e+00
1.2002805555555555e-01 1.0834363953645121e-02 -1.1460200080863500e-02 1.3942688730380600e-02 7.3706847943827277e-03 3.2160699938440991e-05 0.0000000000000000e+00
1.2023700000000000e-01 1.0891306503590071e-02 -1.1493309944947560e-02 1.3988616817515641e-02 7.4189887078868980e-03 2.1006613997757534e-04 0.0000000000000000e+00
1.2464699999999999e-01 1.2217351455086791e-02 -1.2220243121688691e-02 1.5023489624005440e-02 8.5382848213011210e-03 2.4977101586510174e-04 0.0000000000000000e+00
1.2905600000000000e-01 1.3702173720674711e-02 -1.2892368995324690e-02 1.6061928129650710e-02 9.7975515264993995e-03 2.5207062853262478e-04 0.0000000000000000e+00
1.3346600000000000e-01 1.5361777882952281e-02 -1.3485881232874751e-02 1.7092462371464900e-02 1.1212658804266090e-02 6.0273292562758989e-05 0.0000000000000000e+00
1.3787600000000000e-01 1.7199418882340979e-02 -1.3956091430822999e-02 1.8082114112701608e-02 1.2793134275283030e-02 3.0675944187906782e-04 0.0000000000000000e+00
1.4005611111111110e-01 1.8186453038278951e-02 -1.4139389263963379e-02 1.8559676601347209e-02 1.3647355143466180e-02 1.3138222410128033e-05 0.0000000000000000e+00
1.4228499999999999e-01 1.9230205692898461e-02 -1.4269773608347349e-02 1.9014417716281300e-02 1.4557861405629639e-02 4.2072588039151603e-04 0.0000000000000000e+00
1.4669499999999999e-01 2.1458678012174982e-02 -1.4377651898320180e-02 1.9857338551074799e-02 1.6521369311666229e-02 3.0795460210588852e-04 0.0000000000000000e+00
1.5110399999999999e-01 2.3867203999329491e-02 -1.4214748743391899e-02 2.0560258952529619e-02 1.8684032719449871e-02 2.9204380247961083e-04 0.0000000000000000e+00
1.5551300000000001e-01 2.6435535718755350e-02 -1.3716951315277590e-02 2.1075306173197389e-02 2.1047361287046169e-02 1.3963907055979967e-04 0.0000000000000000e+00
1.5992300000000001e-01 2.9097946418946551e-02 -1.2807237588595820e-02 2.1330747474075460e-02 2.3578734323761261e-02 4.3127737057022976e-04 0.0000000000000000e+00
1.6008416666666667e-01 2.9209424578788400e-02 -1.2770644416527879e-02 2.1343596872543832e-02 2.3684927801679322e-02 6.5631918764830324e-05 0.0000000000000000e+00
1.6433200000000001e-01 3.1815871761137447e-02 -1.1435127715462170e-02 2.1289213050637312e-02 2.6270243064509161e-02 1.5095977172219053e-04 0.0000000000000000e+00
1.6874200000000000e-01 3.4420908901380547e-02 -9.5278393067909414e-03 2.0849215098062729e-02 2.9006405186835608e-02 3.2246633722803763e-04 0.0000000000000000e+00
1.7315200000000000e-01 3.6843973632666387e-02 -7.0951258591213442e-03 2.0014927861406139e-02 3.1747257687310543e-02 1.8915601885077644e-04 0.0000000000000000e+00
1.7756100000000000e-01 3.8893203698339672e-02 -4.1509129521606156e-03 1.8743678347734091e-02 3.4343692381085457e-02 4.3505230180144474e-04 0.0000000000000000e+00
1.8011222222222223e-01 3.9830575566957863e-02 -2.2519889237533840e-03 1.7816073239425249e-02 3.5709942920413379e-02 7.8320212597833918e-05 0.0000000000000000e+00
1.8197099999999999e-01 4.0399455479021587e-02 -7.9384398578715538e-04 1.7065301926923019e-02 3.6643147900833513e-02 1.6983467343617578e-04 0.0000000000000000e+00
1.8637999999999999e-01 4.1330674895037368e-02 2.8236854103324740e-03 1.5097572528847020e-02 3.8598225515816903e-02 1.8897610723102583e-04 0.0000000000000000e+00
1.9078999999999999e-01 4.1587598876070317e-02 6.5317197880991580e-03 1.2933531201827339e-02 4.0086273709279363e-02 1.2042633850400434e-04 0.0000000000000000e+00
1.9519900000000001e-01 4.1211318300445762e-02 1.0146579818376430e-02 1.0723732143555331e-02 4.1095329406944249e-02 6.4598022356831075e-05 0.0000000000000000e+00
1.9960800000000001e-01 4.0237605746679839e-02 1.3497954938151200e-02 8.5955288685557307e-03 4.1598671860491543e-02 1.7039735741293967e-03 0.0000000000000000e+00
2.0014027777777776e-01 4.0167111735280120e-02 1.3908464980810401e-02 8.3657621331655052e-03 4.1713501019829402e-02 7.2505202853837485e-05 0.0000000000000000e+00
2.0401800000000000e-01 3.8973041231563497e-02 1.6559620855635331e-02 6.6867400033157219e-03 4.1858808436639743e-02 4.0843621585853095e-04 0.0000000000000000e+00
2.0842700000000000e-01 3.7329961238867497e-02 1.9208133002295430e-02 5.0222569187950592e-03 4.1734534780744688e-02 1.7174852941592611e-03 0.0000000000000000e+00
2.1283700000000000e-01 3.5567182500961678e-02 2.1519452396917660e-02 3.6476147456647829e-03 4.1475476967020822e-02 2.1146029571426309e-03 0.0000000000000000e+00
2.1724700000000000e-01 3.3767792894155553e-02 2.3536338682494110e-02 2.5577663851279390e-03 4.1159995431193717e-02 1.6957336882991092e-03 0.0000000000000000e+00
2.2016833333333333e-01 3.2608521076882849e-02 2.4775247854745479e-02 1.9695351980284150e-03 4.0994361454481841e-02 8.3817393909054843e-05 0.0000000000000000e+00
2.2165599999999999e-01 3.1900329563709563e-02 2.5282504770873428e-02 1.6987088997137620e-03 4.0763232748776607e-02 2.6973895951219124e-03 0.0000000000000000e+00
2.2606599999999999e-01 3.0130281245420280e-02 2.6879163629857469e-02 1.0776676178495500e-03 4.0476554890532777e-02 1.6155042000131250e-03 0.0000000000000000e+00
2.3047500000000001e-01 2.8314558717044490e-02 2.8284022680158571e-02 6.2669216469921768e-04 4.0152840324688313e-02 2.7355988651656333e-03 0.0000000000000000e+00
2.3488400000000001e-01 2.6591699746276200e-02 2.9674614777159710e-02 3.1982711381944119e-04 4.0009059535432059e-02 1.2273167223824113e-03 0.0000000000000000e+00
2.3929400000000001e-01 2.4811843363046669e-02 3.0999835001682050e-02 9.1137499027132312e-05 3.9904335499675633e-02 6.0541700420640174e-04 0.0000000000000000e+00
2.4019638888888889e-01 2.4463741920184801e-02 3.1271194405086772e-02 6.7144955643243487e-05 3.9908896943928261e-02 9.1513541135911759e-05 0.0000000000000000e+00
2.4370300000000000e-01 2.2985200621493149e-02 3.2207460567006588e-02 -2.1389008417115510e-05 3.9805794696014370e-02 1.7345787045043534e-03 0.0000000000000000e+00
2.4811300000000000e-01 2.1112032828263291e-02 3.3399864482425358e-02 -7.7070064017463550e-05 3.9798470188263928e-02 2.5146608054722151e-03 0.0000000000000000e+00
2.5252200000000002e-01 1.9155818729486001e-02 3.4604256827162470e-02 -1.1287596290969400e-04 3.9895998882437653e-02 2.3685199691250653e-03 0.0000000000000000e+00
2.5693199999999999e-01 1.7159263776445301e-02 3.5882802442857582e-02 -1.0321712217067840e-04 4.0189205231747530e-02 9.5601758101144325e-04 0.0000000000000000e+00
2.6022444444444442e-01 1.5515520395614400e-02 3.6682100111894073e-02 -8.6043250065365878e-05 4.0303909212835498e-02 7.4301858560838396e-05 0.0000000000000000e+00
2.6134200000000002e-01 1.4926152910049209e-02 3.6910847239990233e-02 -7.8182989466787968e-05 4.0312114297311200e-02 1.1896275699289818e-03 0.0000000000000000e+00
2.6575100000000001e-01 1.2652395327531490e-02 3.8149499570649538e-02 -3.6063966813854632e-05 4.0794082164803208e-02 4.0779769746460033e-03 0.0000000000000000e+00
2.7016099999999998e-01 1.0170219514452770e-02 3.9192504079934472e-02 2.7776784772509329e-05 4.1214533491279667e-02 6.7215191858199458e-03 0.0000000000000000e+00
2.7456999999999998e-01 7.4387979837288992e-03 3.9902756489347373e-02 7.6672290651257674e-05 4.1456542948746372e-02 4.2632450275984935e-03 0.0000000000000000e+00
2.7897899999999998e-01 4.5746164461939352e-03 4.0632537225143948e-02 1.4188850884665631e-04 4.1929641138099147e-02 6.5169912516420811e-03 0.0000000000000000e+00
2.8025250000000002e-01 3.6646720143539268e-03 4.0517881580405188e-02 1.3922205631800621e-04 4.1772161606540348e-02 7.5928929229004041e-05 0.0000000000000000e+00
