# Q = G M A_out^(2)/(A_1 A_2), strain amplitudes, Eq. (29); strain phases of Eq. (19) and (-1)^m' of Eq. (39) included; M = 1; r* = r + 2 log(r/2 - 1)
# sector=eeo l1=2 m1=2 l2=3 m2=-1 l=2 m=1 omega1=omega2=Momega_parent; symmetry factor: none (distinct parents)
# rel_err: |Q(domain 2) - Q(domain 1)|/|Q|, two outer integration radii
# Momega_parent Re_Qin Im_Qin Re_Qout Im_Qout rel_err gap_before
1.0000000000000000e-03 -3.7082342550000002e-07 1.8728410819999999e-08 3.7129414399999998e-07 1.1936927810000000e-09 0.0000000000000000e+00 0.0000000000000000e+00
2.5000000000000001e-03 -2.3617267070000002e-06 2.5568838140000002e-07 2.3754514970000001e-06 1.8967604550000000e-08 0.0000000000000000e+00 0.0000000000000000e+00
5.0000000000000001e-03 -9.3885931749999997e-06 1.7834496369999999e-06 9.5552482100000006e-06 1.5364262790000000e-07 0.0000000000000000e+00 0.0000000000000000e+00
6.0000000000000001e-03 -1.3466912530000000e-05 2.9611232590000001e-06 1.3786047329999999e-05 2.6623865940000002e-07 0.0000000000000000e+00 0.0000000000000000e+00
7.0000000000000001e-03 -1.8257107400000001e-05 4.5398277169999998e-06 1.8808270090000001e-05 4.2542042110000002e-07 0.0000000000000000e+00 0.0000000000000000e+00
8.0000000000000002e-03 -2.3734055130000002e-05 6.5625355430000001e-06 2.4616311800000000e-05 6.3987420400000003e-07 0.0000000000000000e+00 0.0000000000000000e+00
8.9999999999999993e-03 -2.9887949760000000e-05 9.0794675959999998e-06 3.1223282300000002e-05 9.1264163190000002e-07 0.0000000000000000e+00 0.0000000000000000e+00
1.0000000000000000e-02 -3.7111187075577452e-05 1.2074488865946100e-05 3.8999248793187987e-05 1.4464028143133309e-06 1.0695357053507130e-02 0.0000000000000000e+00
1.1450475700000001e-02 -4.7282177715645977e-05 1.7431239599183609e-05 5.0358777738216217e-05 1.8563265386347401e-06 8.9386449953860244e-03 0.0000000000000000e+00
1.3111339370000001e-02 -6.1940272677844436e-05 2.4800615125829379e-05 6.6632901083136405e-05 3.4240886814513888e-06 8.9001711064364032e-03 0.0000000000000000e+00
1.5013107289999999e-02 -8.0448812894988518e-05 3.6663801298425993e-05 8.8295969847041226e-05 4.4796797594037887e-06 3.4136878675048075e-03 0.0000000000000000e+00
1.7190722020000000e-02 -1.0372734219632960e-04 5.2772547876745113e-05 1.1618409271167380e-04 6.7498096070714413e-06 2.3532424189301542e-03 0.0000000000000000e+00
1.9684194469999999e-02 -1.3371826195271859e-04 7.5360526672080470e-05 1.5311297161039320e-04 1.0779632942650621e-05 5.1592509230790921e-03 0.0000000000000000e+00
2.2539339049999999e-02 -1.7198403281875330e-04 1.0934635487905260e-04 2.0320258594095709e-04 1.5615439287500641e-05 8.0961114013112529e-03 0.0000000000000000e+00
2.5808615399999998e-02 -2.1740980784803411e-04 1.5531768909193001e-04 2.6617753371506187e-04 2.3240689916324971e-05 4.2613856052695380e-04 0.0000000000000000e+00
2.9552092350000000e-02 -2.7513053645200879e-04 2.2064790591756471e-04 3.5088618818383951e-04 3.5513286720980668e-05 1.7939548048981192e-03 0.0000000000000000e+00
3.3838551529999997e-02 -3.4783801864380482e-04 3.1484227051157822e-04 4.6603516844084759e-04 5.4112519613012563e-05 2.9570858042829462e-03 0.0000000000000000e+00
3.8746751199999999e-02 -4.3519345866301632e-04 4.4319016379842788e-04 6.1538929319400568e-04 8.4302358136884766e-05 6.8382220921766874e-04 0.0000000000000000e+00
4.4366873309999999e-02 -5.4243064159464210e-04 6.2656398541928405e-04 8.1847728002645782e-04 1.3003222435257380e-04 4.5858483039852840e-03 0.0000000000000000e+00
5.0802180470000000e-02 -6.6725330528803479e-04 8.7557901409575226e-04 1.0823307388425180e-03 2.0106166024512180e-04 2.0855098819942764e-03 0.0000000000000000e+00
5.8170913290000001e-02 -8.1734256201869133e-04 1.2182315658948800e-03 1.4330599382928111e-03 3.1380946618826769e-04 1.8809955329626365e-04 0.0000000000000000e+00
6.6608462909999999e-02 -1.0037302085675760e-03 1.6971906635263329e-03 1.9087866183316040e-03 4.9443383909229940e-04 4.0326362069575111e-03 0.0000000000000000e+00
7.6269858590000003e-02 -1.2279856308932439e-03 2.3364925348251858e-03 2.5223169024070190e-03 7.7786030429500392e-04 4.5463303547474317e-04 0.0000000000000000e+00
8.7332616239999994e-02 -1.5346717267770971e-03 3.2111586051088289e-03 3.3359745016400041e-03 1.2401796929919389e-03 3.2740705907078450e-04 0.0000000000000000e+00
1.0000000000000001e-01 -1.9910320532137301e-03 4.3929328274034344e-03 4.3909263612994113e-03 1.9954709282070235e-03 4.2775423277812339e-05 0.0000000000000000e+00
1.2002805555555555e-01 -3.1677286104121265e-03 6.6088598425435375e-03 6.2213591452600532e-03 3.8738694129807931e-03 4.7702081494682915e-05 0.0000000000000000e+00
1.4005611111111110e-01 -5.4063050323013380e-03 8.9986507097418230e-03 7.8845632010826200e-03 6.9312282022612548e-03 4.4472240877922017e-05 0.0000000000000000e+00
1.6008416666666667e-01 -9.3680338402581578e-03 1.0565277508616130e-02 8.3305264539572273e-03 1.1402259334213374e-02 4.8395680021593770e-05 0.0000000000000000e+00
1.8011222222222223e-01 -1.4327059874600182e-02 9.1147318367772717e-03 5.8576880044040273e-03 1.5941362962261351e-02 5.2383804273147623e-05 0.0000000000000000e+00
2.0014027777777776e-01 -1.6599570284120683e-02 4.7348549625551069e-03 1.6695859046590297e-03 1.7188296090277531e-02 6.1388778258414137e-05 0.0000000000000000e+00
2.2016833333333333e-01 -1.5941263857569818e-02 1.4743763684169620e-03 -3.4860147309512572e-04 1.6022874161834420e-02 6.7740837352963144e-05 0.0000000000000000e+00
2.4019638888888889e-01 -1.5275619266394275e-02 -2.5081617747491395e-04 -4.3993380861367910e-04 1.5310855195579735e-02 7.1242266415481290e-05 0.0000000000000000e+00
2.6022444444444442e-01 -1.5236310440296939e-02 -1.9394505370569299e-03 -9.6519836758678363e-06 1.5450678403734904e-02 7.0501833160970345e-05 0.0000000000000000e+00
2.8025250000000002e-01 -1.5265347571701990e-02 -4.3500530310321833e-03 4.2452187370032685e-04 1.6078546896179342e-02 6.1619914985497411e-05 0.0000000000000000e+00
