# Q = G M A_out^(2)/(A_1 A_2), strain amplitudes, Eq. (29); strain phases of Eq. (19) and (-1)^m' of Eq. (39) included; M = 1; r* = r + 2 log(r/2 - 1)
# sector=eoe l1=2 m1=2 l2=2 m2=-2 l=3 m=0 omega1=omega2=Momega_parent; symmetry factor: none (distinct parents)
# rel_err: |Q(domain 2) - Q(domain 1)|/|Q|, two outer integration radii
# Momega_parent Re_Qin Im_Qin Re_Qout Im_Qout rel_err gap_before
1.0000000000000000e-03 1.4028011600000001e-07 -7.2168261019999997e-09 -1.4046561530000000e-07 -6.6576158850000002e-11 0.0000000000000000e+00 0.0000000000000000e+00
2.5000000000000001e-03 8.7343101419999997e-07 -9.6574731199999997e-08 -8.7875327690000001e-07 -1.0458225930000000e-09 0.0000000000000000e+00 0.0000000000000000e+00
5.0000000000000001e-03 3.4577732329999999e-06 -6.7339089690000003e-07 -3.5227233330000000e-06 -8.4465516049999996e-09 0.0000000000000000e+00 0.0000000000000000e+00
6.0000000000000001e-03 4.9525375830000001e-06 -1.1177317490000000e-06 -5.0770796839999996e-06 -1.4651143110000001e-08 0.0000000000000000e+00 0.0000000000000000e+00
7.0000000000000001e-03 6.7017187719999996e-06 -1.7128837960000000e-06 -6.9171135509999999e-06 -2.3356431529999999e-08 0.0000000000000000e+00 0.0000000000000000e+00
8.0000000000000002e-03 8.6964548689999993e-06 -2.4754674609999999e-06 -9.0418494660000001e-06 -3.4995325259999997e-08 0.0000000000000000e+00 0.0000000000000000e+00
8.9999999999999993e-03 1.0930886740000000e-05 -3.4217477240000001e-06 -1.1453826450000000e-05 -5.0019239839999999e-08 0.0000000000000000e+00 0.0000000000000000e+00
1.0000000000000000e-02 1.3433183831000000e-05 -4.5787920597000001e-06 -1.4191934130000000e-05 -6.9066715354999996e-08 2.4581224116157533e-03 0.0000000000000000e+00
1.7155000000000000e-02 3.7008678075000000e-05 -1.9630619657000001e-05 -4.1891238252000000e-05 -3.5726573856999999e-07 2.1853061854222645e-03 0.0000000000000000e+00
2.4310999999999999e-02 6.8900704517000004e-05 -4.9264480889000002e-05 -8.4694759855000006e-05 -1.0458572967000000e-06 8.9078728294842043e-04 0.0000000000000000e+00
3.1466000000000001e-02 1.0595161472000000e-04 -9.5791493104000006e-05 -1.4281565856999999e-04 -2.3329246518999999e-06 1.9526911511817498e-04 0.0000000000000000e+00
3.8621000000000003e-02 1.4542037160000001e-04 -1.6050948714000000e-04 -2.1654255907000000e-04 -4.4385281193000004e-06 8.8454722673260742e-05 0.0000000000000000e+00
3.8746751199999999e-02 1.4612002620395011e-04 -1.6181079201736800e-04 -2.1797634563693581e-04 -4.4841621610892828e-06 8.8532591619061980e-05 0.0000000000000000e+00
4.4366873309999999e-02 1.7735511423925621e-04 -2.2610550514556789e-04 -2.8728228043083592e-04 -6.8869009166171944e-06 2.3270941745369932e-04 0.0000000000000000e+00
4.5776999999999998e-02 1.8509606509000000e-04 -2.4406701402000000e-04 -3.0622113653000000e-04 -7.6078271021000004e-06 1.9977980580325406e-04 0.0000000000000000e+00
5.0802180470000000e-02 2.1217403933964551e-04 -3.1414930638117499e-04 -3.7893922011178152e-04 -1.0615351962056711e-05 2.2101419236650438e-04 0.0000000000000000e+00
5.2932000000000000e-02 2.2331839591000001e-04 -3.4667659374999998e-04 -4.1220025733999999e-04 -1.2113121597000000e-05 5.4348176841965105e-05 0.0000000000000000e+00
5.8170913290000001e-02 2.4973108511619979e-04 -4.3385935020569271e-04 -5.0032946639788547e-04 -1.6432042267192219e-05 7.4229554006150021e-05 0.0000000000000000e+00
6.0087000000000002e-02 2.5899846852000001e-04 -4.6828308724999998e-04 -5.3482334703999995e-04 -1.8256380141000000e-05 7.0965890100271581e-06 0.0000000000000000e+00
6.6608462909999999e-02 2.8886360763136887e-04 -5.9550409607169277e-04 -6.6137276343278717e-04 -2.5564365695044269e-05 1.7557315174984294e-05 0.0000000000000000e+00
6.7242999999999997e-02 2.9163211431999997e-04 -6.0870969277999995e-04 -6.7444897299000000e-04 -2.6373031341999999e-05 1.7260567770005447e-05 0.0000000000000000e+00
7.4398000000000006e-02 3.2129358509000000e-04 -7.6776321741999995e-04 -8.3146468486999998e-04 -3.6836518156999998e-05 2.0695745341361903e-05 0.0000000000000000e+00
7.6269858590000003e-02 3.2862952868699109e-04 -8.1242442616172360e-04 -8.7546020752834553e-04 -4.0011640517501960e-05 4.1164418508652803e-05 0.0000000000000000e+00
8.1554000000000001e-02 3.4861764401999999e-04 -9.4529097004999996e-04 -1.0062824809000000e-03 -5.0062968384999999e-05 2.1666836384251813e-05 0.0000000000000000e+00
8.7332616239999994e-02 3.6977269432220421e-04 -1.1021077516446670e-03 -1.1607745727087769e-03 -6.3078197497911032e-05 1.0752322449055181e-04 0.0000000000000000e+00
8.8708999999999996e-02 3.7478736217999998e-04 -1.1412111318000000e-03 -1.1993363529000001e-03 -6.6516576290999999e-05 2.0570392863833094e-05 0.0000000000000000e+00
9.5864000000000005e-02 4.0152889176999998e-04 -1.3555189494000000e-03 -1.4110798833000000e-03 -8.6715788193000002e-05 7.1007524454883247e-06 0.0000000000000000e+00
1.0000000000000001e-01 4.1811503311016586e-04 -1.4877991012644802e-03 -1.5421790014792040e-03 -1.0032381621797272e-04 5.7508263751744375e-05 0.0000000000000000e+00
1.0302000000000000e-01 4.3111575162999997e-04 -1.5882763496000000e-03 -1.6419892208000000e-03 -1.1124083958999999e-04 5.5416428626762477e-06 0.0000000000000000e+00
1.1017500000000000e-01 4.6638144007999998e-04 -1.8395834076999999e-03 -1.8925684051000001e-03 -1.4074290923000001e-04 7.9174181166885419e-06 0.0000000000000000e+00
1.1733000000000000e-01 5.1073961616000005e-04 -2.1095290157000001e-03 -2.1633543234999999e-03 -1.7595514054999999e-04 5.2050392624402958e-06 0.0000000000000000e+00
1.2448600000000000e-01 5.6821107358999998e-04 -2.3981179823999998e-03 -2.4549195009000001e-03 -2.1770584627999999e-04 1.7869075753314758e-06 0.0000000000000000e+00
1.3164100000000001e-01 6.4345758848000003e-04 -2.7051777311000000e-03 -2.7678778821999999e-03 -2.6693493142000002e-04 3.7220840974487133e-06 0.0000000000000000e+00
1.3178000000000001e-01 6.4513101135308640e-04 -2.7113280578455342e-03 -2.7741786810963837e-03 -2.6797278698376120e-04 3.8161887923659528e-05 0.0000000000000000e+00
1.3879600000000000e-01 7.4181795759000000e-04 -3.0302307570000001e-03 -3.1028822602000000e-03 -3.2471339153000001e-04 8.0609646165998560e-06 0.0000000000000000e+00
1.4595200000000000e-01 8.6934734235000004e-04 -3.3723463413999999e-03 -3.4606309800000001e-03 -3.9226859377999997e-04 5.2772988712531503e-06 0.0000000000000000e+00
1.5310699999999999e-01 1.0328531733000000e-03 -3.7299548222000001e-03 -3.8418717385999999e-03 -4.7101606881999998e-04 2.4897744769348207e-07 0.0000000000000000e+00
1.6026199999999999e-01 1.2399234220999999e-03 -4.1006221113000004e-03 -4.2474063027999999e-03 -5.6260048969999997e-04 3.9129276055763886e-07 0.0000000000000000e+00
1.6356000000000001e-01 1.3523032368618357e-03 -4.2749056932296541e-03 -4.4427119774277388e-03 -6.0964905203555130e-04 1.4280251791199998e-05 0.0000000000000000e+00
1.6741800000000001e-01 1.4989398800000001e-03 -4.4807748943000002e-03 -4.6780939520999999e-03 -6.6894895564000001e-04 2.3037330739700730e-06 0.0000000000000000e+00
1.7457300000000001e-01 1.8190664144000000e-03 -4.8653653220000004e-03 -5.1348513982999999e-03 -7.9234093878000002e-04 1.0675897002535113e-06 0.0000000000000000e+00
1.8172800000000000e-01 2.2101979578000000e-03 -5.2474611508000002e-03 -5.6186457909000002e-03 -9.3550097796000001e-04 1.9842296114107440e-06 0.0000000000000000e+00
1.8888400000000000e-01 2.6828493238999999e-03 -5.6177432786000004e-03 -6.1304750876999999e-03 -1.1017224824000000e-03 1.0609604982812738e-06 0.0000000000000000e+00
1.9534000000000001e-01 3.1883530997658428e-03 -5.9315480710257287e-03 -6.6171757341570948e-03 -1.2748209923813196e-03 4.9034760231971474e-06 0.0000000000000000e+00
1.9603899999999999e-01 3.2479519256000001e-03 -5.9638867941999999e-03 -6.6713252708000001e-03 -1.2950337743000001e-03 1.5066092523272944e-06 0.0000000000000000e+00
2.0319400000000001e-01 3.9165098224999998e-03 -6.2697975074000002e-03 -7.2420890129999997e-03 -1.5204213013000000e-03 1.1808023485923329e-06 0.0000000000000000e+00
2.1035000000000001e-01 4.6990311551999998e-03 -6.5146604734000000e-03 -7.8434072376000006e-03 -1.7841257155999999e-03 6.0217256011755813e-07 0.0000000000000000e+00
2.1750500000000000e-01 5.6046067523999998e-03 -6.6717703884000001e-03 -8.4753894972999996e-03 -2.0940293691999999e-03 4.9518311575013851e-07 0.0000000000000000e+00
2.2466100000000000e-01 6.6394124317000003e-03 -6.7071131166000003e-03 -9.1371152776999996e-03 -2.4601411594000000e-03 1.0267188269107382e-06 0.0000000000000000e+00
2.2711999999999999e-01 7.0253156655775634e-03 -6.6836884896791810e-03 -9.3710051493378077e-03 -2.6011613657633361e-03 1.8442579955412149e-05 0.0000000000000000e+00
2.3181599999999999e-01 7.8042767370999997e-03 -6.5777400257999996e-03 -9.8257738342000002e-03 -2.8951551382000000e-03 1.6434197122304778e-06 0.0000000000000000e+00
2.3897099999999999e-01 9.0907479502999999e-03 -6.2301486603999999e-03 -1.0535219969000000e-02 -3.4149770990999999e-03 8.9091722791725255e-07 0.0000000000000000e+00
2.4612700000000001e-01 1.0474845081000000e-02 -5.5993036317000004e-03 -1.1253643859000000e-02 -4.0389303577000003e-03 8.1761337867885789e-07 0.0000000000000000e+00
2.5328200000000001e-01 1.1907537765000000e-02 -4.6098203892999999e-03 -1.1960044457000000e-02 -4.7889853575000000e-03 4.3035509931696132e-07 0.0000000000000000e+00
2.5890000000000002e-01 1.3011400741379452e-02 -3.5297927891508167e-03 -1.2484147394331792e-02 -5.4804911922385503e-03 2.8434087555181803e-05 0.0000000000000000e+00
2.6043699999999997e-01 1.3301477278000001e-02 -3.1824563489000002e-03 -1.2619480658999999e-02 -5.6867328366000001e-03 1.8767864275060695e-07 0.0000000000000000e+00
2.6759300000000003e-01 1.4515803202999999e-02 -1.2512942645999999e-03 -1.3178126609000000e-02 -6.7460572903999998e-03 2.6004964916703416e-07 0.0000000000000000e+00
2.7474799999999999e-01 1.5346911332000000e-02 1.2019066302000000e-03 -1.3561653829999999e-02 -7.9593968652000007e-03 7.1840943147555594e-07 0.0000000000000000e+00
2.8190300000000001e-01 1.5543268778000000e-02 4.0954339767000003e-03 -1.3684189373000000e-02 -9.2783906209000008e-03 9.3921428971134557e-07 0.0000000000000000e+00
2.8905900000000001e-01 1.4868168435999999e-02 7.1975459804000004e-03 -1.3476125424000000e-02 -1.0598447170999999e-02 1.5373683041421017e-06 0.0000000000000000e+00
2.9067999999999999e-01 1.4578685259818300e-02 7.8923810870120126e-03 -1.3380325261373744e-02 -1.0882514387762405e-02 4.3049523354321788e-05 0.0000000000000000e+00
2.9621399999999998e-01 1.3211926940000000e-02 1.0129770125000000e-02 -1.2928116195000000e-02 -1.1767803679000001e-02 1.7246863724572789e-06 0.0000000000000000e+00
3.0336900000000000e-01 1.0692310811000000e-02 1.2471583184999999e-02 -1.2123596945999999e-02 -1.2636427953999999e-02 1.6252027320482871e-06 0.0000000000000000e+00
3.1052500000000000e-01 7.6428088805000002e-03 1.3929642337000000e-02 -1.1221730702999999e-02 -1.3123468834000000e-02 1.8604276001910400e-06 0.0000000000000000e+00
3.1768000000000002e-01 4.4700938113999998e-03 1.4442628648000000e-02 -1.0391395548999999e-02 -1.3249979786000000e-02 1.8948159205428871e-06 0.0000000000000000e+00
3.2246000000000002e-01 2.4471861349284431e-03 1.4319690488528145e-02 -9.9365693145061270e-03 -1.3179662617195487e-02 7.7189386878461527e-05 0.0000000000000000e+00
3.2483499999999998e-01 1.4950389678999999e-03 1.4142196782999999e-02 -9.7473800807000004e-03 -1.3111672790999999e-02 1.7261377866670695e-06 0.0000000000000000e+00
3.3199099999999998e-01 -1.1087439759000001e-03 1.3232728613000001e-02 -9.3312352309000007e-03 -1.2823805933000001e-02 1.7545015861400772e-06 0.0000000000000000e+00
3.3914600000000000e-01 -3.2799625148999998e-03 1.1896756390000001e-02 -9.1305797868999998e-03 -1.2480930264000000e-02 1.7557269339894299e-06 0.0000000000000000e+00
3.4630200000000000e-01 -5.0063390210999996e-03 1.0266425347000001e-02 -9.1079231045999992e-03 -1.2144235135999999e-02 1.4665841393327967e-06 0.0000000000000000e+00
3.5345700000000002e-01 -6.2821394769000003e-03 8.4396293037999996e-03 -9.2213038271999996e-03 -1.1846065035000001e-02 1.4112002007706541e-06 0.0000000000000000e+00
3.5424000000000000e-01 -6.3938853542273326e-03 8.2316316348552167e-03 -9.2404462018555993e-03 -1.1816322148181976e-02 1.2260707375244802e-04 0.0000000000000000e+00
3.6061199999999999e-01 -7.0976141358000001e-03 6.5073291136000001e-03 -9.4341344628000000e-03 -1.1599546225000000e-02 1.5678985593117005e-06 0.0000000000000000e+00
3.6776799999999998e-01 -7.4501024254999999e-03 4.5706776169000003e-03 -9.7179868149999994e-03 -1.1406778714000001e-02 1.3851342939286957e-06 0.0000000000000000e+00
3.7492300000000001e-01 -7.3618813041000002e-03 2.7407944541000002e-03 -1.0052042347000001e-02 -1.1264550276000001e-02 1.6629171748026218e-06 0.0000000000000000e+00
3.8207799999999997e-01 -6.8913860594999998e-03 1.1242615582000000e-03 -1.0421529941000001e-02 -1.1167257335000000e-02 1.9242827758986920e-06 0.0000000000000000e+00
3.8601999999999997e-01 -6.5014792594589596e-03 3.5613633741503993e-04 -1.0635927925964359e-02 -1.1130575422239612e-02 1.2903006633158191e-04 0.0000000000000000e+00
3.8923400000000002e-01 -6.1316090159999996e-03 -1.9673121641000001e-04 -1.0816202642999999e-02 -1.1108916469000000e-02 1.6713696426428033e-06 0.0000000000000000e+00
3.9638899999999999e-01 -5.1957159923000000e-03 -1.1795554547000000e-03 -1.1228903912000000e-02 -1.1083957045000000e-02 1.9986631464263438e-06 0.0000000000000000e+00
4.0354400000000001e-01 -4.1968692078000001e-03 -1.8250167162000000e-03 -1.1654916179000000e-02 -1.1087243787000000e-02 2.3543900870491961e-06 0.0000000000000000e+00
4.1070000000000001e-01 -3.2301626543999999e-03 -2.1701232821999998e-03 -1.2090796015000000e-02 -1.1113649382000001e-02 2.0140527875871932e-06 0.0000000000000000e+00
4.1780000000000000e-01 -2.3689250985746636e-03 -2.2747099483329939e-03 -1.2532303447756878e-02 -1.1160553790796912e-02 1.0581562549672927e-04 0.0000000000000000e+00
4.1785499999999998e-01 -2.3626180368000000e-03 -2.2745576447000000e-03 -1.2535073545999999e-02 -1.1159942516000000e-02 2.1581785450619663e-06 0.0000000000000000e+00
4.2501000000000000e-01 -1.6307457668000001e-03 -2.2053472856000001e-03 -1.2986258188000000e-02 -1.1223009358000000e-02 2.6151026211368918e-06 0.0000000000000000e+00
4.3216599999999999e-01 -1.0454119284000001e-03 -2.0252378521000000e-03 -1.3442988958000000e-02 -1.1300371024000000e-02 1.9418403526029071e-06 0.0000000000000000e+00
4.3932100000000002e-01 -5.9961622261999999e-04 -1.7860918220000000e-03 -1.3906161581000000e-02 -1.1390462253000000e-02 8.6797593460935353e-07 0.0000000000000000e+00
4.4647599999999998e-01 -2.7563399315000002e-04 -1.5262414313999999e-03 -1.4374308505000001e-02 -1.1491658510999999e-02 1.1825212352647374e-06 0.0000000000000000e+00
