# Q = G M A_out^(2)/(A_1 A_2), strain amplitudes, Eq. (29); strain phases of Eq. (19) and (-1)^m' of Eq. (39) included; M = 1; r* = r + 2 log(r/2 - 1)
# sector=ooe l1=2 m1=2 l2=2 m2=-2 l=2 m=0 omega1=omega2=Momega_parent; symmetry factor: none (distinct parents)
# rel_err: |Q(domain 2) - Q(domain 1)|/|Q|, two outer integration radii
# Momega_parent Re_Qin Im_Qin Re_Qout Im_Qout rel_err gap_before
5.0000000000000001e-04 2.1593768830000000e-07 -5.9019956290000001e-09 2.1601794479999999e-07 4.0782010870000002e-10 0.0000000000000000e+00 0.0000000000000000e+00
1.0000000000000000e-03 8.6375756439999998e-07 -4.2440684910000001e-08 8.6479342130000004e-07 3.2680779400000001e-09 0.0000000000000000e+00 0.0000000000000000e+00
2.5000000000000001e-03 5.3904818920000003e-06 -5.6449510850000005e-07 5.4197153409999996e-06 5.1335888859999997e-08 0.0000000000000000e+00 0.0000000000000000e+00
5.0000000000000001e-03 2.1425752750000000e-05 -3.9145934349999998e-06 2.1776483460000000e-05 4.1435565570000002e-07 0.0000000000000000e+00 0.0000000000000000e+00
6.0000000000000001e-03 3.0744855460000000e-05 -6.4883105869999997e-06 3.1413818270000002e-05 7.1856307699999999e-07 0.0000000000000000e+00 0.0000000000000000e+00
7.0000000000000001e-03 4.1682083370000002e-05 -9.9303271849999994e-06 4.2833353009999997e-05 1.1451384589999999e-06 0.0000000000000000e+00 0.0000000000000000e+00
8.0000000000000002e-03 5.4205974569999998e-05 -1.4338019640000000e-05 5.6043943180000002e-05 1.7154938800000000e-06 0.0000000000000000e+00 0.0000000000000000e+00
8.9999999999999993e-03 6.8283339549999998e-05 -1.9801846580000000e-05 7.1054334910000002e-05 2.4513421379999999e-06 0.0000000000000000e+00 0.0000000000000000e+00
1.0000000000000000e-02 8.3880186139769969e-05 -2.6406274533532681e-05 8.7873706063679261e-05 3.3747213566768399e-06 4.3699993981861476e-05 0.0000000000000000e+00
1.1450475700000001e-02 1.0912974709757280e-04 -3.8172425020004942e-05 1.1550106907232011e-04 5.0930125381490089e-06 4.5259432231648586e-05 0.0000000000000000e+00
1.3111339370000001e-02 1.4173282479190501e-04 -5.5079113404253523e-05 1.5186419419919509e-04 7.6921308759654980e-06 4.5153479019728918e-05 0.0000000000000000e+00
1.4409999999999999e-02 1.6984736840000000e-04 -7.1028756531999994e-05 1.8381508040999999e-04 1.0258119735000000e-05 6.2505815951025337e-04 0.0000000000000000e+00
1.5013107289999999e-02 1.8369661697754551e-04 -7.9310213272017937e-05 1.9974820912847639e-04 1.1627982171169601e-05 4.4161175146309991e-05 0.0000000000000000e+00
1.7190722020000000e-02 2.3750807182009489e-04 -1.1393987851176431e-04 2.6283601622677358e-04 1.7595700429821060e-05 4.3253570067912459e-05 0.0000000000000000e+00
1.8818999999999999e-02 2.8153774928000002e-04 -1.4493602215000001e-04 3.1580179106000000e-04 2.3220326527000000e-05 8.8943696212083595e-05 0.0000000000000000e+00
1.9684194469999999e-02 3.0621782927051588e-04 -1.6327321424678440e-04 3.4600126072598558e-04 2.6657626450955548e-05 4.3598026196305933e-05 0.0000000000000000e+00
2.2539339049999999e-02 3.9352855199722877e-04 -2.3330465809134440e-04 4.5569755377738817e-04 4.0441615682435523e-05 4.5942518907335207e-05 0.0000000000000000e+00
2.3227999999999999e-02 4.1588808579000000e-04 -2.5246146426000001e-04 4.8448986895999999e-04 4.4376320446000000e-05 5.7706653725089584e-05 0.0000000000000000e+00
2.5808615399999998e-02 5.0388905719293863e-04 -3.3232813201060699e-04 6.0047489093139033e-04 6.1449775767148925e-05 4.9152349819098703e-05 0.0000000000000000e+00
2.7637999999999999e-02 5.7009466717999999e-04 -3.9689335428000003e-04 6.9047819959999995e-04 7.5974473997000004e-05 9.4078661827776044e-05 0.0000000000000000e+00
2.9552092350000000e-02 6.4260522758463211e-04 -4.7173990836820660e-04 7.9166278407653877e-04 9.3541740295735728e-05 5.3377545356432465e-05 0.0000000000000000e+00
3.2046999999999999e-02 7.4174403971999999e-04 -5.8071321223000002e-04 9.3429906260999996e-04 1.2040481601000000e-04 1.0282552266067240e-04 0.0000000000000000e+00
3.3838551529999997e-02 8.1600289013279378e-04 -6.6708258139730014e-04 1.0442690060473981e-03 1.4269595312935520e-04 5.7771758597218516e-05 0.0000000000000000e+00
3.6457000000000003e-02 9.2889952050000005e-04 -8.0577148245999995e-04 1.2164074644000001e-03 1.8020791451000000e-04 9.2072688817994744e-05 0.0000000000000000e+00
3.8746751199999999e-02 1.0317316463074890e-03 -9.3938618292001470e-04 1.3781500776978250e-03 2.1821772230110170e-04 6.1704669926538767e-05 0.0000000000000000e+00
4.0867000000000001e-02 1.1301574651000001e-03 -1.0734186392000000e-03 1.5371650108000001e-03 2.5808377726000000e-04 7.8876199852664347e-05 0.0000000000000000e+00
4.4366873309999999e-02 1.2994120391392170e-03 -1.3168697713974850e-03 1.8195086705332000e-03 3.3467286279837582e-04 6.4566770562301200e-05 0.0000000000000000e+00
4.5275999999999997e-02 1.3446939402000000e-03 -1.3846116078000000e-03 1.8968319697000001e-03 3.5690290191999998e-04 6.6749027738417622e-05 0.0000000000000000e+00
4.9686000000000001e-02 1.5722936211000000e-03 -1.7399896475000000e-03 2.2955485237000002e-03 4.7971706598999998e-04 5.6028016229447073e-05 0.0000000000000000e+00
5.0802180470000000e-02 1.6320575036377751e-03 -1.8370683031067180e-03 2.4027467784643020e-03 5.1501448911985318e-04 6.5890692310375105e-05 0.0000000000000000e+00
5.4094999999999997e-02 1.8133784860000000e-03 -2.1399350378999999e-03 2.7333222471000000e-03 6.2977273698000004e-04 4.5546555855996052e-05 0.0000000000000000e+00
5.8170913290000001e-02 2.0491576190658318e-03 -2.5494230523671921e-03 3.1726117504554631e-03 7.9570162710037825e-04 6.3549335745396150e-05 0.0000000000000000e+00
5.8505000000000001e-02 2.0690265311000002e-03 -2.5846079232999999e-03 3.2100033329999999e-03 8.1052400067999997e-04 3.9570004960498384e-05 0.0000000000000000e+00
6.2913999999999998e-02 2.3409942264000002e-03 -3.0739683043999998e-03 3.7252630175000001e-03 1.0256481843999999e-03 3.4370216096988927e-05 0.0000000000000000e+00
6.6608462909999999e-02 2.5832093689884860e-03 -3.5182365459437959e-03 4.1863148970042096e-03 1.2352058279114010e-03 6.3032218259789652e-05 0.0000000000000000e+00
6.7322999999999994e-02 2.6317403542000001e-03 -3.6077824758999999e-03 4.2785692627000001e-03 1.2790638834999999e-03 3.0481039773869140e-05 0.0000000000000000e+00
7.1733000000000005e-02 2.9444482227999999e-03 -4.1856078538000004e-03 4.8691516210999999e-03 1.5749496549000001e-03 2.7281109550279820e-05 0.0000000000000000e+00
7.6143000000000002e-02 3.2830541791000001e-03 -4.8067643434000001e-03 5.4959648686999998e-03 1.9177665378999999e-03 2.4602202651031297e-05 0.0000000000000000e+00
7.6269858590000003e-02 3.2932776771028910e-03 -4.8253595162486406e-03 5.5146167757991983e-03 1.9284202970315200e-03 6.3392309177151321e-05 0.0000000000000000e+00
8.0551999999999999e-02 3.6522783779000000e-03 -5.4702849171999997e-03 6.1576423338000003e-03 2.3122828788999998e-03 2.2059457291707163e-05 0.0000000000000000e+00
8.4960999999999995e-02 4.0576613286000002e-03 -6.1748475734999999e-03 6.8524417497999998e-03 2.7636034628999999e-03 1.9851617307104844e-05 0.0000000000000000e+00
8.7332616239999994e-02 4.2928121617286088e-03 -6.5701013312073290e-03 7.2390262901659598e-03 3.0316841204975180e-03 6.5125734237655902e-05 0.0000000000000000e+00
8.9371000000000006e-02 4.5056034367000003e-03 -6.9186814539000004e-03 7.5781759056999997e-03 3.2772017041000001e-03 1.8046639344115535e-05 0.0000000000000000e+00
9.3781000000000003e-02 5.0034069822000003e-03 -7.6994423639000003e-03 8.3321239032999993e-03 3.8589544273000000e-03 1.6455467974934002e-05 0.0000000000000000e+00
9.8190000000000000e-02 5.5593219052999998e-03 -8.5140560190000002e-03 9.1109224359000006e-03 4.5151805662999997e-03 1.5169332363385249e-05 0.0000000000000000e+00
1.0000000000000001e-01 5.8064613857741259e-03 -8.8573604345489523e-03 9.4368813256226810e-03 4.8076796833313173e-03 6.7995931627080807e-05 0.0000000000000000e+00
1.0259900000000000e-01 6.1825886288000001e-03 -9.3585150439999994e-03 9.9104235079999995e-03 5.2526792397000000e-03 1.4396078208682119e-05 0.0000000000000000e+00
1.0700900000000001e-01 6.8834740661000001e-03 -1.0227621605999999e-02 1.0725512148999999e-02 6.0787643299999999e-03 1.3264078296898228e-05 0.0000000000000000e+00
1.1141900000000000e-01 7.6732910734000001e-03 -1.1114661820000000e-02 1.1549872005000000e-02 7.0012882590999997e-03 1.2273136227824312e-05 0.0000000000000000e+00
1.1582800000000000e-01 8.5643787885000006e-03 -1.2010985837000001e-02 1.2375674701999999e-02 8.0286362279999995e-03 1.1344481616086500e-05 0.0000000000000000e+00
1.1638659090909091e-01 8.6851628184351354e-03 -1.2124680270107177e-02 1.2479939005196344e-02 8.1667156564728290e-03 6.6103741296959215e-05 0.0000000000000000e+00
1.2023700000000000e-01 9.5700246061999998e-03 -1.2905485786999999e-02 1.3193188614000000e-02 9.1696756356000001e-03 1.0525617277002860e-05 0.0000000000000000e+00
1.2464699999999999e-01 1.0704273835000000e-02 -1.3783935384000001e-02 1.3990273398000000e-02 1.0433615086000001e-02 9.7276921721576083e-06 0.0000000000000000e+00
1.2905600000000000e-01 1.1981567639999999e-02 -1.4628185993000000e-02 1.4751758332999999e-02 1.1829724131000001e-02 8.7301102969387587e-06 0.0000000000000000e+00
1.3277318181818182e-01 1.3179755624570967e-02 -1.5296451053649299e-02 1.5352139884019119e-02 1.3115658536544445e-02 6.5403789889191460e-05 0.0000000000000000e+00
1.3346600000000000e-01 1.3416096054000000e-02 -1.5415200212000000e-02 1.5458686274000001e-02 1.3366817568999999e-02 8.1869697055628494e-06 0.0000000000000000e+00
1.3787600000000000e-01 1.5020728587000000e-02 -1.6115964348000000e-02 1.6087461365999998e-02 1.5052390077999999e-02 7.6836874142859559e-06 0.0000000000000000e+00
1.4228499999999999e-01 1.6805330699000001e-02 -1.6694378704000000e-02 1.6608985656000001e-02 1.6891242000000001e-02 7.2663055580410534e-06 0.0000000000000000e+00
1.4669499999999999e-01 1.8774232727000000e-02 -1.7106339655999999e-02 1.6987966348000001e-02 1.8883402606999999e-02 6.8819481876447053e-06 0.0000000000000000e+00
1.4915977272727274e-01 1.9954071054399090e-02 -1.7244966336409338e-02 1.7122494857367953e-02 2.0061579771213284e-02 6.5617781249031700e-05 0.0000000000000000e+00
1.5110399999999999e-01 2.0922655363999999e-02 -1.7299443750999999e-02 1.7182760243000000e-02 2.1021195760999999e-02 6.5198809208436011e-06 0.0000000000000000e+00
1.5551300000000001e-01 2.3232021871999999e-02 -1.7213990456999999e-02 1.7146323323999998e-02 2.3285401543999999e-02 6.3006179236053755e-06 0.0000000000000000e+00
1.5992300000000001e-01 2.5664469939000002e-02 -1.6786248701000001e-02 1.6829069554999999e-02 2.5640796728000001e-02 5.9166460209744833e-06 0.0000000000000000e+00
1.6433200000000001e-01 2.8157588537000001e-02 -1.5955066516999999e-02 1.6184524373000001e-02 2.8031959148000000e-02 5.5729506052418585e-06 0.0000000000000000e+00
1.6554636363636363e-01 2.8843246617457047e-02 -1.5648530239617323e-02 1.5944598629112395e-02 2.8686664742197276e-02 6.6744644903535545e-05 0.0000000000000000e+00
1.6874200000000000e-01 3.0621403589999999e-02 -1.4672497425000000e-02 1.5178292874000000e-02 3.0381049824999999e-02 5.2521224510629687e-06 0.0000000000000000e+00
1.7315200000000000e-01 3.2940604202999997e-02 -1.2917811357000000e-02 1.3799745908000000e-02 3.2590074651999999e-02 4.9669192945657008e-06 0.0000000000000000e+00
1.7756100000000000e-01 3.4984972835000003e-02 -1.0711880040000000e-02 1.2073825886999999e-02 3.4550048287999999e-02 4.6954158624684788e-06 0.0000000000000000e+00
1.8193295454545455e-01 3.6616895781209108e-02 -8.1496594698665988e-03 1.0086233887948047e-02 3.6145719325330151e-02 6.8640661147808884e-05 0.0000000000000000e+00
1.8197099999999999e-01 3.6628897270000002e-02 -8.1263484882999996e-03 1.0068253821000000e-02 3.6157673059000001e-02 4.4095922578712762e-06 0.0000000000000000e+00
1.8637999999999999e-01 3.7776405692999997e-02 -5.2812620855000004e-03 7.8908920130000004e-03 3.7336395818000002e-02 4.1844989825552049e-06 0.0000000000000000e+00
1.9078999999999999e-01 3.8383443821000000e-02 -2.3280596649000000e-03 5.6748515709999997e-03 3.8054806268999999e-02 3.9742018873986143e-06 0.0000000000000000e+00
1.9519900000000001e-01 3.8467939978000000e-02 5.7837146031000002e-04 3.5546664797999998e-03 3.8334506598000001e-02 3.7768612643079946e-06 0.0000000000000000e+00
1.9831954545454544e-01 3.8250164837095181e-02 2.5347453689207773e-03 2.1744882357840356e-03 3.8303160395533220e-02 7.0607158807134662e-05 0.0000000000000000e+00
1.9960800000000001e-01 3.8102895456999998e-02 3.3087319188000001e-03 1.6419271080999999e-03 3.8243665534999999e-02 3.6159627111444078e-06 0.0000000000000000e+00
2.0401800000000000e-01 3.7395804790000001e-02 5.7789357735000000e-03 9.1349697975999994e-06 3.7879273462999997e-02 3.4855142469366428e-06 0.0000000000000000e+00
2.0842700000000000e-01 3.6463420152999998e-02 7.9552121051999995e-03 -1.3141195989000000e-03 3.7345797418000003e-02 3.3496747910938644e-06 0.0000000000000000e+00
2.1283700000000000e-01 3.5410778726000000e-02 9.8466698728999994e-03 -2.3345287505000000e-03 3.6737697011999998e-02 3.2397038650844505e-06 0.0000000000000000e+00
2.1470613636363636e-01 3.4949039682750246e-02 1.0571111923416074e-02 -2.6827047779111844e-03 3.6476379174858964e-02 7.2169005148671508e-05 0.0000000000000000e+00
2.1724700000000000e-01 3.4319041860000003e-02 1.1491393436999999e-02 -3.0831946772000001e-03 3.6129493371000000e-02 3.1234973989347698e-06 0.0000000000000000e+00
2.2165599999999999e-01 3.3241959220999998e-02 1.2942038112999999e-02 -3.6035315612000002e-03 3.5573101518000000e-02 3.0120319021523694e-06 0.0000000000000000e+00
2.2606599999999999e-01 3.2208175837000003e-02 1.4254463058000001e-02 -3.9418599081000004e-03 3.5100006966999997e-02 2.8986299028318274e-06 0.0000000000000000e+00
2.3047500000000001e-01 3.1226282423999999e-02 1.5480406608000000e-02 -4.1414703022999997e-03 3.4725655878000000e-02 2.7770105221061130e-06 0.0000000000000000e+00
2.3109272727272728e-01 3.1092668500072015e-02 1.5647848014971377e-02 -4.1605642963082343e-03 3.4681433210103460e-02 7.2829246170607963e-05 0.0000000000000000e+00
2.3488400000000001e-01 3.0290358858000001e-02 1.6663676929999999e-02 -4.2396666422000002e-03 3.4454176200999997e-02 2.6713117825665205e-06 0.0000000000000000e+00
2.3929400000000001e-01 2.9384818252999999e-02 1.7838785889000001e-02 -4.2668649285000004e-03 3.4282447176000000e-02 2.6361116055627197e-06 0.0000000000000000e+00
2.4370300000000000e-01 2.8488149692999998e-02 1.9031006600000001e-02 -4.2468809978000004e-03 3.4203198529000001e-02 2.5369603902577281e-06 0.0000000000000000e+00
2.4747931818181818e-01 2.7708687121087643e-02 2.0078388792848813e-02 -4.2060765719489071e-03 3.4201843443035382e-02 7.2707848155477471e-05 0.0000000000000000e+00
2.4811300000000000e-01 2.7575579132999999e-02 2.0257105051000000e-02 -4.1977840514000001e-03 3.4207166030000000e-02 2.4261353999023460e-06 0.0000000000000000e+00
2.5252200000000002e-01 2.6620865912999999e-02 2.1526276455999999e-02 -4.1329242743999997e-03 3.4284490095000002e-02 2.3292011325607790e-06 0.0000000000000000e+00
2.5693199999999999e-01 2.5597472145000001e-02 2.2841028942000002e-02 -4.0619284687999999e-03 3.4425551297000000e-02 2.2374178975532091e-06 0.0000000000000000e+00
2.6134200000000002e-01 2.4479334110999999e-02 2.4197901995000000e-02 -3.9915686718000002e-03 3.4621428049000001e-02 2.1544685608405639e-06 0.0000000000000000e+00
2.6386590909090907e-01 2.3786831644809988e-02 2.4990428859112141e-02 -3.9534317808120941e-03 3.4755095823591604e-02 7.1883935334439406e-05 0.0000000000000000e+00
2.6575100000000001e-01 2.3241405484000000e-02 2.5587984455000001e-02 -3.9264776019999996e-03 3.4864104551000002e-02 2.0113192081237934e-06 0.0000000000000000e+00
2.7016099999999998e-01 2.1860106234999999e-02 2.6997242149000001e-02 -3.8697138786999998e-03 3.5146524169000000e-02 1.9434535652438778e-06 0.0000000000000000e+00
2.7456999999999998e-01 2.0313780508999998e-02 2.8406696161999999e-02 -3.8231969009000001e-03 3.5462559477999998e-02 1.8912419853126423e-06 0.0000000000000000e+00
2.7897899999999998e-01 1.8583229477000002e-02 2.9792492287999999e-02 -3.7880328137999998e-03 3.5806929325999999e-02 1.8357724138948838e-06 0.0000000000000000e+00
2.8025250000000002e-01 1.8046979669893423e-02 3.0184202261036075e-02 -3.7800786790948312e-03 3.5910945348251309e-02 7.0303589788214938e-05 0.0000000000000000e+00
