# Q = G M A_out^(2)/(A_1 A_2), strain amplitudes, Eq. (29); strain phases of Eq. (19) and (-1)^m' of Eq. (39) included; M = 1; r* = r + 2 log(r/2 - 1)
# sector=ooo l1=2 m1=2 l2=3 m2=-1 l=2 m=1 omega1=omega2=Momega_parent; symmetry factor: none (distinct parents)
# rel_err: |Q(domain 2) - Q(domain 1)|/|Q|, two outer integration radii
# Momega_parent Re_Qin Im_Qin Re_Qout Im_Qout rel_err gap_before
5.0000000000000001e-04 -7.9917998180000001e-08 2.2643188960000002e-09 7.9949926730000001e-08 1.5096252770000000e-10 0.0000000000000000e+00 0.0000000000000000e+00
1.0000000000000000e-03 -3.1975587459999998e-07 1.6352711999999998e-08 3.2017146280000001e-07 1.2103399750000000e-09 0.0000000000000000e+00 0.0000000000000000e+00
2.5000000000000001e-03 -1.9944067000000001e-06 2.1895835500000001e-07 2.0062998530000000e-06 1.9019633079999998e-08 0.0000000000000000e+00 0.0000000000000000e+00
5.0000000000000001e-03 -7.9201454129999992e-06 1.5293082910000000e-06 8.0649773320000002e-06 1.5371351390000001e-07 0.0000000000000000e+00 0.0000000000000000e+00
6.0000000000000001e-03 -1.1358867850000001e-05 2.5404338280000002e-06 1.1636432049999999e-05 2.6670559469999998e-07 0.0000000000000000e+00 0.0000000000000000e+00
7.0000000000000001e-03 -1.5388567030000000e-05 3.8956301289999999e-06 1.5868305280000001e-05 4.2522555790000002e-07 0.0000000000000000e+00 0.0000000000000000e+00
8.0000000000000002e-03 -2.0000210130000000e-05 5.6358866459999997e-06 2.0769335350000001e-05 6.3744215459999997e-07 0.0000000000000000e+00 0.0000000000000000e+00
8.9999999999999993e-03 -2.5172688139999998e-05 7.7966475410000004e-06 2.6336693280000001e-05 9.1133309680000002e-07 0.0000000000000000e+00 0.0000000000000000e+00
1.0000000000000000e-02 -3.0895440929403430e-05 1.0414099581776401e-05 3.2579223742592393e-05 1.2553567830608101e-06 1.2103358500108253e-03 0.0000000000000000e+00
1.1450475700000001e-02 -4.0135916719525358e-05 1.5086905258096301e-05 4.2835866337005348e-05 1.8960686556103150e-06 9.9628186666879501e-04 0.0000000000000000e+00
1.3111339370000001e-02 -5.2025618660598049e-05 2.1818055907406692e-05 5.6342494760440933e-05 2.8663294971953412e-06 6.4399125922071283e-04 0.0000000000000000e+00
1.5013107289999999e-02 -6.7258404829491746e-05 3.1490389819575347e-05 7.4138543790839724e-05 4.3375103285290692e-06 1.8874124930545519e-04 0.0000000000000000e+00
1.7190722020000000e-02 -8.6673344232923757e-05 4.5350542249879687e-05 9.7599979176090035e-05 6.5714798958203820e-06 2.9867043362966458e-04 0.0000000000000000e+00
1.9684194469999999e-02 -1.1126513702677690e-04 6.5149781332626890e-05 1.2854973848038729e-04 9.9694264211695089e-06 7.3146995224999533e-04 0.0000000000000000e+00
2.2539339049999999e-02 -1.4218352186919769e-04 9.3334090244996275e-05 1.6940469415779001e-04 1.5147801668145920e-05 1.0358600679602659e-03 0.0000000000000000e+00
2.5808615399999998e-02 -1.8071481585072899e-04 1.3329794305768690e-04 2.2337089932056311e-04 2.3057052036425109e-05 1.1796352967077988e-03 0.0000000000000000e+00
2.9552092350000000e-02 -2.2823808543418199e-04 1.8971920902246311e-04 2.9470187124125841e-04 3.5168296590088920e-05 1.1796768049815835e-03 0.0000000000000000e+00
3.3838551529999997e-02 -2.8615153063930751e-04 2.6899652949979842e-04 3.8903823509882558e-04 5.3768795253819683e-05 1.0680788176752841e-03 0.0000000000000000e+00
3.8746751199999999e-02 -3.5577483798673469e-04 3.7981523452263187e-04 5.1384836562987839e-04 8.2433041152380482e-05 8.9689950533146064e-04 0.0000000000000000e+00
4.4366873309999999e-02 -4.3826161752845210e-04 5.3387651653272422e-04 6.7898758840372270e-04 1.2678028639707110e-04 7.2886972622369581e-04 0.0000000000000000e+00
5.0802180470000000e-02 -5.3461936301757830e-04 7.4683965624969826e-04 8.9737792323331519e-04 1.9570442891802709e-04 6.3027080947275775e-04 0.0000000000000000e+00
5.8170913290000001e-02 -6.4607061759580783e-04 1.0395543573478291e-03 1.1857627989717830e-03 3.0339281130510191e-04 6.5910918001803125e-04 0.0000000000000000e+00
6.6608462909999999e-02 -7.7527569881084498e-04 1.4397031484549710e-03 1.5653655441553230e-03 4.7268251119735532e-04 7.6559324381329048e-04 0.0000000000000000e+00
7.6269858590000003e-02 -9.2953885057424856e-04 1.9840019891605620e-03 2.0619501870660991e-03 7.4072258856498470e-04 8.9334068087050685e-04 0.0000000000000000e+00
8.7332616239999994e-02 -1.1284339783018741e-03 2.7209786138430048e-03 2.7039317207800178e-03 1.1686963445030529e-03 9.4147647720852704e-04 0.0000000000000000e+00
1.0000000000000001e-01 -1.4212673437590691e-03 3.7133375421229608e-03 3.5147759036858609e-03 1.8588370590119491e-03 8.7670627571267165e-04 0.0000000000000000e+00
1.1638659090909091e-01 -2.0127206659207465e-03 5.2179491690757555e-03 4.6132704871120582e-03 3.1616559794160146e-03 8.3900832316608691e-04 0.0000000000000000e+00
1.3277318181818182e-01 -3.0593206754785198e-03 6.8970104562436369e-03 5.5945969181439353e-03 5.0626248574896027e-03 8.5573317330972195e-04 0.0000000000000000e+00
1.4915977272727274e-01 -4.8793583188456516e-03 8.4845214992244778e-03 6.0791345414697570e-03 7.6710996629069123e-03 8.6393834243442280e-04 0.0000000000000000e+00
1.6554636363636363e-01 -7.6721726454077226e-03 9.2739008377262389e-03 5.3824328277918563e-03 1.0766621229037281e-02 8.6433127238683301e-04 0.0000000000000000e+00
1.8193295454545455e-01 -1.0720058035469425e-02 8.2369619196619517e-03 3.0105584317275760e-03 1.3182210644201629e-02 8.5460031734937297e-04 0.0000000000000000e+00
1.9831954545454544e-01 -1.2249819411562371e-02 5.7102506859912890e-03 1.8144638749322849e-04 1.3519570110775229e-02 8.3889114164877748e-04 0.0000000000000000e+00
2.1470613636363636e-01 -1.2089702886782343e-02 3.6242847029419318e-03 -1.2762202516941273e-03 1.2567362779064166e-02 8.2259700183997294e-04 0.0000000000000000e+00
2.3109272727272728e-01 -1.1639129349079031e-02 2.5381883966774529e-03 -1.4817378913889569e-03 1.1841170929903147e-02 8.1042508858351577e-04 0.0000000000000000e+00
2.4747931818181818e-01 -1.1579875952647563e-02 1.8272250727529712e-03 -1.2400778035295062e-03 1.1698808077728724e-02 8.0434648682124613e-04 0.0000000000000000e+00
2.6386590909090907e-01 -1.1879023193209225e-02 9.5299117131525607e-04 -9.5617439509010198e-04 1.1961312666194795e-02 8.0335297628073747e-04 0.0000000000000000e+00
2.8025250000000002e-01 -1.2295032726814958e-02 -3.5668148683838164e-04 -7.4085930607299558e-04 1.2441749110673380e-02 8.1334170017934937e-04 0.0000000000000000e+00
