# Q = G M A_out^(2)/(A_1 A_2), strain amplitudes, Eq. (29); strain phases of Eq. (19) and (-1)^m' of Eq. (39) included; M = 1; r* = r + 2 log(r/2 - 1)
# sector=eee l1=3 l2=3 l=6 omega1=omega2=Re(omega_l0)/2 (on resonance); 1/2 included on cells with m1 = m2
# rel_err: free-coefficient diagnostic
# m1 m2 Re_Qin Im_Qin rel_err
-3 -3 1.8295889275038044e-01 2.6156881059986575e-02 1.227000e-04
-3 -2 -2.5874275585192580e-01 -3.6991572153013817e-02 1.735000e-04
-3 -1 1.7444441513378259e-01 2.4939658550986010e-02 2.574000e-04
-3 0 -1.1032831008641490e-01 -1.5773204674761721e-02 4.070000e-04
-3 1 6.3698052145673006e-02 9.1066476465536533e-03 7.049000e-04
-3 2 -3.1849026072836503e-02 -4.5533238232768267e-03 1.410000e-03
-3 3 1.2037805318189260e-02 1.7210016447786051e-03 3.730000e-03
-2 -3 -2.5874275585192580e-01 -3.6991572153013817e-02 1.735000e-04
-2 -2 1.3512412937850124e-01 1.9318111266977394e-02 1.661000e-04
-2 -1 -2.3404171056720310e-01 -3.3460183275418387e-02 1.919000e-04
-2 0 1.8016546147273599e-01 2.5757636274590701e-02 2.492000e-04
-2 1 -1.2335103569426550e-01 -1.7634920219230910e-02 3.640000e-04
-2 2 7.2226929974527856e-02 1.0325972120461890e-02 6.217000e-04
-2 3 -3.1849026072836503e-02 -4.5533238232768267e-03 1.410000e-03
-1 -3 1.7444441513378259e-01 2.4939658550986010e-02 2.574000e-04
-1 -2 -2.3404171056720310e-01 -3.3460183275418387e-02 1.919000e-04
-1 -1 1.2335103569426550e-01 1.7634920219230917e-02 1.820000e-04
-1 0 -2.2520659193300871e-01 -3.2197024529651008e-02 1.994000e-04
-1 1 1.8056722332136721e-01 2.5814935307900820e-02 2.487000e-04
-1 2 -1.2335103569426550e-01 -1.7634920219230910e-02 3.640000e-04
-1 3 6.3698052145673006e-02 9.1066476465536533e-03 7.049000e-04
0 -3 -1.1032831008641490e-01 -1.5773204674761721e-02 4.070000e-04
0 -2 1.8016546147273599e-01 2.5757636274590701e-02 2.492000e-04
0 -1 -2.2520659193300871e-01 -3.2197024529651008e-02 1.994000e-04
0 0 1.2037807201511565e-01 1.7210082752049445e-02 1.865000e-04
0 1 -2.2520659193300871e-01 -3.2197024529651008e-02 1.994000e-04
0 2 1.8016546147273599e-01 2.5757636274590701e-02 2.492000e-04
0 3 -1.1032831008641490e-01 -1.5773204674761721e-02 4.070000e-04
1 -3 6.3698052145673006e-02 9.1066476465536533e-03 7.049000e-04
1 -2 -1.2335103569426550e-01 -1.7634920219230910e-02 3.640000e-04
1 -1 1.8056722332136721e-01 2.5814935307900820e-02 2.487000e-04
1 0 -2.2520659193300871e-01 -3.2197024529651008e-02 1.994000e-04
1 1 1.2335103569426550e-01 1.7634920219230917e-02 1.820000e-04
1 2 -2.3404171056720310e-01 -3.3460183275418387e-02 1.919000e-04
1 3 1.7444441513378259e-01 2.4939658550986010e-02 2.574000e-04
2 -3 -3.1849026072836503e-02 -4.5533238232768267e-03 1.410000e-03
2 -2 7.2226929974527856e-02 1.0325972120461890e-02 6.217000e-04
2 -1 -1.2335103569426550e-01 -1.7634920219230910e-02 3.640000e-04
2 0 1.8016546147273599e-01 2.5757636274590701e-02 2.492000e-04
2 1 -2.3404171056720310e-01 -3.3460183275418387e-02 1.919000e-04
2 2 1.3512412937850124e-01 1.9318111266977394e-02 1.661000e-04
2 3 -2.5874275585192580e-01 -3.6991572153013817e-02 1.735000e-04
3 -3 1.2037805318189260e-02 1.7210016447786051e-03 3.730000e-03
3 -2 -3.1849026072836503e-02 -4.5533238232768267e-03 1.410000e-03
3 -1 6.3698052145673006e-02 9.1066476465536533e-03 7.049000e-04
3 0 -1.1032831008641490e-01 -1.5773204674761721e-02 4.070000e-04
3 1 1.7444441513378259e-01 2.4939658550986010e-02 2.574000e-04
3 2 -2.5874275585192580e-01 -3.6991572153013817e-02 1.735000e-04
3 3 1.8295889275038044e-01 2.6156881059986575e-02 1.227000e-04
