# Q = G M A_out^(2)/(A_1 A_2), strain amplitudes, Eq. (29); strain phases of Eq. (19) and (-1)^m' of Eq. (39) included; M = 1; r* = r + 2 log(r/2 - 1)
# sector=eee l1=5 l2=5 l=4 omega1=omega2=Re(omega_l0)/2 (on resonance); 1/2 included on cells with m1 = m2
# rel_err: free-coefficient diagnostic
# m1 m2 Re_Qin Im_Qin rel_err
-5 1 -6.9634035475720228e-04 -7.2954744352634834e-04 5.677000e-04
-5 2 1.3027355075751930e-03 1.3648674538239119e-03 3.035000e-04
-5 3 -1.7056694895074900e-03 -1.7870988405846459e-03 2.318000e-04
-5 4 1.7056694895074900e-03 1.7870988405846459e-03 2.318000e-04
-5 5 -1.2061337861938529e-03 -1.2636086154356181e-03 3.278000e-04
-4 0 1.2061337861938529e-03 1.2636086154356181e-03 3.278000e-04
-4 1 -1.5570704616039680e-03 -1.6313980766010090e-03 2.539000e-04
-4 2 1.1010222464171980e-03 1.1535522938081590e-03 3.590000e-04
-4 3 0.0000000000000000e+00 0.0000000000000000e+00 inf
-4 4 -1.2061337861938529e-03 -1.2636086154356181e-03 3.278000e-04
-4 5 1.7056694895074900e-03 1.7870988405846459e-03 2.318000e-04
-3 -1 -1.5570704616039680e-03 -1.6313980766010090e-03 2.539000e-04
-3 0 1.2061337861938529e-03 1.2636086154356181e-03 3.278000e-04
-3 1 0.0000000000000000e+00 0.0000000000000000e+00 inf
-3 2 -1.1010222464171980e-03 -1.1535522938081590e-03 3.590000e-04
-3 3 1.2061337861938529e-03 1.2636086154356181e-03 3.278000e-04
-3 4 0.0000000000000000e+00 0.0000000000000000e+00 inf
-3 5 -1.7056694895074900e-03 -1.7870988405846459e-03 2.318000e-04
-2 -2 8.4093993516393096e-04 8.8104698624293998e-04 2.351000e-04
-2 -1 -4.4948861817515218e-04 -4.7093433676393429e-04 8.795000e-04
-2 0 -9.2116735851869224e-04 -9.6513749140426789e-04 4.291000e-04
-2 1 1.1892593267278241e-03 1.2460248145493050e-03 3.324000e-04
-2 2 -2.0101522846904460e-04 -2.1061132757798129e-04 1.967000e-03
-2 3 -1.1010222464171980e-03 -1.1535522938081590e-03 3.590000e-04
-2 4 1.1010222464171980e-03 1.1535522938081590e-03 3.590000e-04
-2 5 1.3027355075751930e-03 1.3648674538239119e-03 3.035000e-04
-1 -3 -1.5570704616039680e-03 -1.6313980766010090e-03 2.539000e-04
-1 -2 -4.4948861817515218e-04 -4.7093433676393429e-04 8.795000e-04
-1 -1 6.3566960283141451e-04 6.6602219944638752e-04 3.109000e-04
-1 0 -4.9240962642966527e-04 -5.1587848856852558e-04 8.028000e-04
-1 1 -8.0406091387617829e-04 -8.4244531031192529e-04 4.916000e-04
-1 2 1.1892593267278241e-03 1.2460248145493050e-03 3.324000e-04
-1 3 0.0000000000000000e+00 0.0000000000000000e+00 inf
-1 4 -1.5570704616039680e-03 -1.6313980766010090e-03 2.539000e-04
-1 5 -6.9634035475720228e-04 -7.2954744352634834e-04 5.677000e-04
0 -4 1.2061337861938529e-03 1.2636086154356181e-03 3.278000e-04
0 -3 1.2061337861938529e-03 1.2636086154356181e-03 3.278000e-04
0 -2 -9.2116735851869224e-04 -9.6513749140426789e-04 4.291000e-04
0 -1 -4.9240962642966527e-04 -5.1587848856852558e-04 8.028000e-04
0 0 6.0306689309692647e-04 6.3180430771780905e-04 3.278000e-04
0 1 -4.9240962642966527e-04 -5.1587848856852558e-04 8.028000e-04
0 2 -9.2116735851869224e-04 -9.6513749140426789e-04 4.291000e-04
0 3 1.2061337861938529e-03 1.2636086154356181e-03 3.278000e-04
0 4 1.2061337861938529e-03 1.2636086154356181e-03 3.278000e-04
1 -5 -6.9634035475720228e-04 -7.2954744352634834e-04 5.677000e-04
1 -4 -1.5570704616039680e-03 -1.6313980766010090e-03 2.539000e-04
1 -3 0.0000000000000000e+00 0.0000000000000000e+00 inf
1 -2 1.1892593267278241e-03 1.2460248145493050e-03 3.324000e-04
1 -1 -8.0406091387617829e-04 -8.4244531031192529e-04 4.916000e-04
1 0 -4.9240962642966527e-04 -5.1587848856852558e-04 8.028000e-04
1 1 6.3566960283141451e-04 6.6602219944638752e-04 3.109000e-04
1 2 -4.4948861817515218e-04 -4.7093433676393429e-04 8.795000e-04
1 3 -1.5570704616039680e-03 -1.6313980766010090e-03 2.539000e-04
2 -5 1.3027355075751930e-03 1.3648674538239119e-03 3.035000e-04
2 -4 1.1010222464171980e-03 1.1535522938081590e-03 3.590000e-04
2 -3 -1.1010222464171980e-03 -1.1535522938081590e-03 3.590000e-04
2 -2 -2.0101522846904460e-04 -2.1061132757798129e-04 1.967000e-03
2 -1 1.1892593267278241e-03 1.2460248145493050e-03 3.324000e-04
2 0 -9.2116735851869224e-04 -9.6513749140426789e-04 4.291000e-04
2 1 -4.4948861817515218e-04 -4.7093433676393429e-04 8.795000e-04
2 2 8.4093993516393096e-04 8.8104698624293998e-04 2.351000e-04
3 -5 -1.7056694895074900e-03 -1.7870988405846459e-03 2.318000e-04
3 -4 0.0000000000000000e+00 0.0000000000000000e+00 inf
3 -3 1.2061337861938529e-03 1.2636086154356181e-03 3.278000e-04
3 -2 -1.1010222464171980e-03 -1.1535522938081590e-03 3.590000e-04
3 -1 0.0000000000000000e+00 0.0000000000000000e+00 inf
3 0 1.2061337861938529e-03 1.2636086154356181e-03 3.278000e-04
3 1 -1.5570704616039680e-03 -1.6313980766010090e-03 2.539000e-04
4 -5 1.7056694895074900e-03 1.7870988405846459e-03 2.318000e-04
4 -4 -1.2061337861938529e-03 -1.2636086154356181e-03 3.278000e-04
4 -3 0.0000000000000000e+00 0.0000000000000000e+00 inf
4 -2 1.1010222464171980e-03 1.1535522938081590e-03 3.590000e-04
4 -1 -1.5570704616039680e-03 -1.6313980766010090e-03 2.539000e-04
4 0 1.2061337861938529e-03 1.2636086154356181e-03 3.278000e-04
5 -5 -1.2061337861938529e-03 -1.2636086154356181e-03 3.278000e-04
5 -4 1.7056694895074900e-03 1.7870988405846459e-03 2.318000e-04
5 -3 -1.7056694895074900e-03 -1.7870988405846459e-03 2.318000e-04
5 -2 1.3027355075751930e-03 1.3648674538239119e-03 3.035000e-04
5 -1 -6.9634035475720228e-04 -7.2954744352634834e-04 5.677000e-04
