# Q = G M A_out^(2)/(A_1 A_2), strain amplitudes, Eq. (29); strain phases of Eq. (19) and (-1)^m' of Eq. (39) included; M = 1; r* = r + 2 log(r/2 - 1)
# sector=eee l1=5 l2=5 l=10 omega1=omega2=Re(omega_l0)/2 (on resonance); 1/2 included on cells with m1 = m2
# rel_err: free-coefficient diagnostic of this code (nan for source=1)
# source: 0 = BlackHoleNonlinearities.jl; 1 = independent frequency-domain values by Zhen Zhong,
#   used where this code fails the 1% criterion (they agree to <1% on all common cells)
# m1 m2 Re_Qin Im_Qin rel_err source
-5 -5 1.8042965098744834e-01 1.8605825181356134e-01 1.031000e-05 0
-5 -4 2.5516603566619073e-01 2.6312610190579211e-01 1.457000e-05 0
-5 -3 1.7561733310731040e-01 1.8109580786037049e-01 2.117000e-05 0
-5 -2 1.1707821927301040e-01 1.2073053460758840e-01 3.176000e-05 0
-5 -1 7.5127791694060961e-02 7.7471448646575722e-02 4.950000e-05 0
-5 0 4.6006198321124160e-02 4.7441378345938839e-02 8.083000e-05 0
-5 1 2.6561689670465589e-02 2.7390294094997599e-02 1.400000e-04 0
-5 2 1.4197820930875659e-02 1.4640727897492380e-02 2.619000e-04 0
-5 3 6.8204120621988351e-03 7.0331781461822913e-03 5.452000e-04 0
-5 4 2.7844214324277928e-03 2.8712830271609580e-03 1.336000e-03 0
-5 5 8.3953459251781624e-04 8.6572434894489686e-04 4.429000e-03 0
-4 -5 2.5516603566619073e-01 2.6312610190579211e-01 1.457000e-05 0
-4 -4 1.3089744950314844e-01 1.3498083978813494e-01 1.420000e-05 0
-4 -3 2.2672101097833999e-01 2.3379367218990041e-01 1.640000e-05 0
-4 -2 1.7958978524577079e-01 1.8519217868440160e-01 2.071000e-05 0
-4 -1 1.3280846391669701e-01 1.3695146024929400e-01 2.800000e-05 0
-4 0 9.2012396642248320e-02 9.4882756691877679e-02 4.042000e-05 0
-4 1 5.9393737454511077e-02 6.1246555477506417e-02 6.261000e-05 0
-4 2 3.5220455253070708e-02 3.6319174039431898e-02 1.056000e-04 0
-4 3 1.8678468939413460e-02 1.9261151220846939e-02 1.991000e-04 0
-4 4 8.3953475850177608e-03 8.6572434410752391e-03 4.429000e-04 0
-4 5 2.7844214324277928e-03 2.8712830271609580e-03 1.336000e-03 0
-3 -5 1.7561733310731040e-01 1.8109580786037049e-01 2.117000e-05 0
-3 -4 2.2672101097833999e-01 2.3379367218990041e-01 1.640000e-05 0
-3 -3 1.1664698992692500e-01 1.2028584804315146e-01 1.594000e-05 0
-3 -2 2.1296731894904419e-01 2.1961091710756231e-01 1.746000e-05 0
-3 -1 1.7818123624237170e-01 1.8373967609847211e-01 2.087000e-05 0
-3 0 1.3801858249024579e-01 1.4232413535221750e-01 2.694000e-05 0
-3 1 9.8837158316904317e-02 1.0192042920643569e-01 3.762000e-05 0
-3 2 6.4704108301742932e-02 6.6722588245557921e-02 5.747000e-05 0
-3 3 3.7779063817161160e-02 3.8957594901587039e-02 9.843000e-05 0
-3 4 1.8678468939413460e-02 1.9261151220846939e-02 1.991000e-04 0
-3 5 6.8204120621988351e-03 7.0331781461822913e-03 5.452000e-04 0
-2 -5 1.1707821927301040e-01 1.2073053460758840e-01 3.176000e-05 0
-2 -4 1.7958978524577079e-01 1.8519217868440160e-01 2.071000e-05 0
-2 -3 2.1296731894904419e-01 2.1961091710756231e-01 1.746000e-05 0
-2 -2 1.0997584547595494e-01 1.1340658411713830e-01 1.691000e-05 0
-2 -1 2.0574597451652471e-01 2.1216429677112680e-01 1.807000e-05 0
-2 0 1.7680527906572069e-01 1.8232081822929211e-01 2.103000e-05 0
-2 1 1.3977685473971199e-01 1.4413724881500509e-01 2.660000e-05 0
-2 2 1.0074416458890850e-01 1.0388692937664140e-01 3.691000e-05 0
-2 3 6.4704108301742932e-02 6.6722588245557921e-02 5.747000e-05 0
-2 4 3.5220455253070708e-02 3.6319174039431898e-02 1.056000e-04 0
-2 5 1.4197820930875659e-02 1.4640727897492380e-02 2.619000e-04 0
-1 -5 7.5127791694060961e-02 7.7471448646575722e-02 4.950000e-05 0
-1 -4 1.3280846391669701e-01 1.3695146024929400e-01 2.800000e-05 0
-1 -3 1.7818123624237170e-01 1.8373967609847211e-01 2.087000e-05 0
-1 -2 2.0574597451652471e-01 2.1216429677112680e-01 1.807000e-05 0
-1 -1 1.0675632495020720e-01 1.1008665013159780e-01 1.742000e-05 0
-1 0 2.0255589713102970e-01 2.0887472499145079e-01 1.836000e-05 0
-1 1 1.7630228551707999e-01 1.8180213278280410e-01 2.109000e-05 0
-1 2 1.3977685473971199e-01 1.4413724881500509e-01 2.660000e-05 0
-1 3 9.8837158316904317e-02 1.0192042920643569e-01 3.762000e-05 0
-1 4 5.9393737454511077e-02 6.1246555477506417e-02 6.261000e-05 0
-1 5 2.6561689670465589e-02 2.7390294094997599e-02 1.400000e-04 0
0 -5 4.6006198321124160e-02 4.7441378345938839e-02 8.083000e-05 0
0 -4 9.2012396642248320e-02 9.4882756691877679e-02 4.042000e-05 0
0 -3 1.3801858249024579e-01 1.4232413535221750e-01 2.694000e-05 0
0 -2 1.7680527906572069e-01 1.8232081822929211e-01 2.103000e-05 0
0 -1 2.0255589713102970e-01 2.0887472499145079e-01 1.836000e-05 0
0 0 1.0578137997452265e-01 1.0908127097918215e-01 1.758000e-05 0
0 1 2.0255589713102970e-01 2.0887472499145079e-01 1.836000e-05 0
0 2 1.7680527906572069e-01 1.8232081822929211e-01 2.103000e-05 0
0 3 1.3801858249024579e-01 1.4232413535221750e-01 2.694000e-05 0
0 4 9.2012396642248320e-02 9.4882756691877679e-02 4.042000e-05 0
0 5 4.6006198321124160e-02 4.7441378345938839e-02 8.083000e-05 0
1 -5 2.6561689670465589e-02 2.7390294094997599e-02 1.400000e-04 0
1 -4 5.9393737454511077e-02 6.1246555477506417e-02 6.261000e-05 0
1 -3 9.8837158316904317e-02 1.0192042920643569e-01 3.762000e-05 0
1 -2 1.3977685473971199e-01 1.4413724881500509e-01 2.660000e-05 0
1 -1 1.7630228551707999e-01 1.8180213278280410e-01 2.109000e-05 0
1 0 2.0255589713102970e-01 2.0887472499145079e-01 1.836000e-05 0
1 1 1.0675632495020720e-01 1.1008665013159780e-01 1.742000e-05 0
1 2 2.0574597451652471e-01 2.1216429677112680e-01 1.807000e-05 0
1 3 1.7818123624237170e-01 1.8373967609847211e-01 2.087000e-05 0
1 4 1.3280846391669701e-01 1.3695146024929400e-01 2.800000e-05 0
1 5 7.5127791694060961e-02 7.7471448646575722e-02 4.950000e-05 0
2 -5 1.4197820930875659e-02 1.4640727897492380e-02 2.619000e-04 0
2 -4 3.5220455253070708e-02 3.6319174039431898e-02 1.056000e-04 0
2 -3 6.4704108301742932e-02 6.6722588245557921e-02 5.747000e-05 0
2 -2 1.0074416458890850e-01 1.0388692937664140e-01 3.691000e-05 0
2 -1 1.3977685473971199e-01 1.4413724881500509e-01 2.660000e-05 0
2 0 1.7680527906572069e-01 1.8232081822929211e-01 2.103000e-05 0
2 1 2.0574597451652471e-01 2.1216429677112680e-01 1.807000e-05 0
2 2 1.0997584547595494e-01 1.1340658411713830e-01 1.691000e-05 0
2 3 2.1296731894904419e-01 2.1961091710756231e-01 1.746000e-05 0
2 4 1.7958978524577079e-01 1.8519217868440160e-01 2.071000e-05 0
2 5 1.1707821927301040e-01 1.2073053460758840e-01 3.176000e-05 0
3 -5 6.8204120621988351e-03 7.0331781461822913e-03 5.452000e-04 0
3 -4 1.8678468939413460e-02 1.9261151220846939e-02 1.991000e-04 0
3 -3 3.7779063817161160e-02 3.8957594901587039e-02 9.843000e-05 0
3 -2 6.4704108301742932e-02 6.6722588245557921e-02 5.747000e-05 0
3 -1 9.8837158316904317e-02 1.0192042920643569e-01 3.762000e-05 0
3 0 1.3801858249024579e-01 1.4232413535221750e-01 2.694000e-05 0
3 1 1.7818123624237170e-01 1.8373967609847211e-01 2.087000e-05 0
3 2 2.1296731894904419e-01 2.1961091710756231e-01 1.746000e-05 0
3 3 1.1664698992692500e-01 1.2028584804315146e-01 1.594000e-05 0
3 4 2.2672101097833999e-01 2.3379367218990041e-01 1.640000e-05 0
3 5 1.7561733310731040e-01 1.8109580786037049e-01 2.117000e-05 0
4 -5 2.7844214324277928e-03 2.8712830271609580e-03 1.336000e-03 0
4 -4 8.3953475850177608e-03 8.6572434410752391e-03 4.429000e-04 0
4 -3 1.8678468939413460e-02 1.9261151220846939e-02 1.991000e-04 0
4 -2 3.5220455253070708e-02 3.6319174039431898e-02 1.056000e-04 0
4 -1 5.9393737454511077e-02 6.1246555477506417e-02 6.261000e-05 0
4 0 9.2012396642248320e-02 9.4882756691877679e-02 4.042000e-05 0
4 1 1.3280846391669701e-01 1.3695146024929400e-01 2.800000e-05 0
4 2 1.7958978524577079e-01 1.8519217868440160e-01 2.071000e-05 0
4 3 2.2672101097833999e-01 2.3379367218990041e-01 1.640000e-05 0
4 4 1.3089744950314844e-01 1.3498083978813494e-01 1.420000e-05 0
4 5 2.5516603566619073e-01 2.6312610190579211e-01 1.457000e-05 0
5 -5 8.3953459251781624e-04 8.6572434894489686e-04 4.429000e-03 0
5 -4 2.7844214324277928e-03 2.8712830271609580e-03 1.336000e-03 0
5 -3 6.8204120621988351e-03 7.0331781461822913e-03 5.452000e-04 0
5 -2 1.4197820930875659e-02 1.4640727897492380e-02 2.619000e-04 0
5 -1 2.6561689670465589e-02 2.7390294094997599e-02 1.400000e-04 0
5 0 4.6006198321124160e-02 4.7441378345938839e-02 8.083000e-05 0
5 1 7.5127791694060961e-02 7.7471448646575722e-02 4.950000e-05 0
5 2 1.1707821927301040e-01 1.2073053460758840e-01 3.176000e-05 0
5 3 1.7561733310731040e-01 1.8109580786037049e-01 2.117000e-05 0
5 4 2.5516603566619073e-01 2.6312610190579211e-01 1.457000e-05 0
5 5 1.8042965098744834e-01 1.8605825181356134e-01 1.031000e-05 0
