# Q = G M A_out^(2)/(A_1 A_2), strain amplitudes, Eq. (29); strain phases of Eq. (19) and (-1)^m' of Eq. (39) included; M = 1; r* = r + 2 log(r/2 - 1)
# sector=eee l1=4 l2=4 l=2 omega1=omega2=Re(omega_l0)/2 (on resonance); 1/2 included on cells with m1 = m2
# rel_err: free-coefficient diagnostic of this code (nan for source=1)
# source: 0 = BlackHoleNonlinearities.jl; 1 = independent frequency-domain values by Zhen Zhong,
#   used where this code fails the 1% criterion (they agree to <1% on all common cells)
# m1 m2 Re_Qin Im_Qin rel_err source
-4 2 2.3885990660758110e-03 -4.0912804814539879e-03 2.634000e-04 0
-4 3 4.4688547236665672e-03 -7.6538993310357843e-03 1.408000e-04 0
-4 4 5.1600663690067093e-03 -8.8383387047911537e-03 1.219000e-04 0
-3 1 -3.5833235014895051e-03 6.1373901549744651e-03 1.756000e-04 0
-3 2 -4.2224263269845649e-03 7.2324054709988744e-03 1.490000e-04 0
-3 3 -1.2900165922516769e-03 2.2095846761977880e-03 4.877000e-04 0
-3 4 4.4688547236665672e-03 -7.6538993310357843e-03 1.408000e-04 0
-2 0 4.2823687766089932e-03 -7.3350363282021734e-03 1.469000e-04 0
-2 1 2.8728126807226070e-03 -4.9205607897869364e-03 2.190000e-04 0
-2 2 -1.4742874531896420e-03 2.5250190001813448e-03 4.268000e-04 0
-2 3 -4.2224263269845649e-03 7.2324054709988744e-03 1.490000e-04 0
-2 4 2.3885990660758110e-03 -4.0912804814539879e-03 2.634000e-04 0
-1 -1 -2.2570296040672492e-03 3.8659297092125768e-03 1.394000e-04 0
-1 0 -1.0093561137963110e-03 1.7288736402841750e-03 6.233000e-04 0
-1 1 3.1330183258502379e-03 -5.3655859735221344e-03 2.008000e-04 0
-1 2 2.8728126807226070e-03 -4.9205607897869364e-03 2.190000e-04 0
-1 3 -3.5833235014895051e-03 6.1373901549744651e-03 1.756000e-04 0
0 -2 4.2823687766089932e-03 -7.3350363282021734e-03 1.469000e-04 0
0 -1 -1.0093561137963110e-03 1.7288736402841750e-03 6.233000e-04 0
0 0 -1.8429085390374955e-03 3.1566331468610691e-03 1.707000e-04 0
0 1 -1.0093561137963110e-03 1.7288736402841750e-03 6.233000e-04 0
0 2 4.2823687766089932e-03 -7.3350363282021734e-03 1.469000e-04 0
1 -3 -3.5833235014895051e-03 6.1373901549744651e-03 1.756000e-04 0
1 -2 2.8728126807226070e-03 -4.9205607897869364e-03 2.190000e-04 0
1 -1 3.1330183258502379e-03 -5.3655859735221344e-03 2.008000e-04 0
1 0 -1.0093561137963110e-03 1.7288736402841750e-03 6.233000e-04 0
1 1 -2.2570296040672492e-03 3.8659297092125768e-03 1.394000e-04 0
2 -4 2.3885990660758110e-03 -4.0912804814539879e-03 2.634000e-04 0
2 -3 -4.2224263269845649e-03 7.2324054709988744e-03 1.490000e-04 0
2 -2 -1.4742874531896420e-03 2.5250190001813448e-03 4.268000e-04 0
2 -1 2.8728126807226070e-03 -4.9205607897869364e-03 2.190000e-04 0
2 0 4.2823687766089932e-03 -7.3350363282021734e-03 1.469000e-04 0
3 -4 4.4688547236665672e-03 -7.6538993310357843e-03 1.408000e-04 0
3 -3 -1.2900165922516769e-03 2.2095846761977880e-03 4.877000e-04 0
3 -2 -4.2224263269845649e-03 7.2324054709988744e-03 1.490000e-04 0
3 -1 -3.5833235014895051e-03 6.1373901549744651e-03 1.756000e-04 0
4 -4 5.1600663690067093e-03 -8.8383387047911537e-03 1.219000e-04 0
4 -3 4.4688547236665672e-03 -7.6538993310357843e-03 1.408000e-04 0
4 -2 2.3885990660758110e-03 -4.0912804814539879e-03 2.634000e-04 0
