# Q = G M A_out^(2)/(A_1 A_2), strain amplitudes, Eq. (29); strain phases of Eq. (19) and (-1)^m' of Eq. (39) included; M = 1; r* = r + 2 log(r/2 - 1)
# sector=eee l1=4 l2=4 l=4 omega1=omega2=Re(omega_l0)/2 (on resonance); 1/2 included on cells with m1 = m2
# rel_err: free-coefficient diagnostic
# m1 m2 Re_Qin Im_Qin rel_err
-4 0 -2.9413588718172619e-03 6.3070436689502329e-03 7.227000e-04
-4 1 4.6507016423396816e-03 -9.9722348552613027e-03 4.571000e-04
-4 2 -5.2735219382945573e-03 1.1307620122720690e-02 4.031000e-04
-4 3 4.6507016423396816e-03 -9.9722348552613027e-03 4.571000e-04
-4 4 -2.9413588718172619e-03 6.3070436689502329e-03 7.227000e-04
-3 -1 4.6507016423396816e-03 -9.9722348552613027e-03 4.571000e-04
-3 0 -4.4121019566226490e-03 9.4606396630332115e-03 4.818000e-04
-3 1 1.7578147751399771e-03 -3.7691756369779938e-03 1.209000e-03
-3 2 1.7578147751399771e-03 -3.7691756369779938e-03 1.209000e-03
-3 3 -4.4121019566226490e-03 9.4606396630332115e-03 4.818000e-04
-3 4 4.6507016423396816e-03 -9.9722348552613027e-03 4.571000e-04
-2 -2 -2.6367609691472786e-03 5.6538100613603452e-03 4.031000e-04
-2 -1 1.7578147751399771e-03 -3.7691756369779938e-03 1.209000e-03
-2 0 2.3110612885926481e-03 -4.9555287252953514e-03 9.198000e-04
-2 1 -3.9862986643896337e-03 8.5476586603089686e-03 5.332000e-04
-2 2 2.3110612885926481e-03 -4.9555287252953514e-03 9.198000e-04
-2 3 1.7578147751399771e-03 -3.7691756369779938e-03 1.209000e-03
-2 4 -5.2735219382945573e-03 1.1307620122720690e-02 4.031000e-04
-1 -3 4.6507016423396816e-03 -9.9722348552613027e-03 4.571000e-04
-1 -2 1.7578147751399771e-03 -3.7691756369779938e-03 1.209000e-03
-1 -1 -1.9931493321948168e-03 4.2738293301544843e-03 5.332000e-04
-1 0 1.8908882050439940e-03 -4.0545640929651313e-03 1.124000e-03
-1 1 1.8908882050439940e-03 -4.0545640929651313e-03 1.124000e-03
-1 2 -3.9862986643896337e-03 8.5476586603089686e-03 5.332000e-04
-1 3 1.7578147751399771e-03 -3.7691756369779938e-03 1.209000e-03
-1 4 4.6507016423396816e-03 -9.9722348552613027e-03 4.571000e-04
0 -4 -2.9413588718172619e-03 6.3070436689502329e-03 7.227000e-04
0 -3 -4.4121019566226490e-03 9.4606396630332115e-03 4.818000e-04
0 -2 2.3110612885926481e-03 -4.9555287252953514e-03 9.198000e-04
0 -1 1.8908882050439940e-03 -4.0545640929651313e-03 1.124000e-03
0 0 -1.8908882050439944e-03 4.0545640929651313e-03 5.621000e-04
0 1 1.8908882050439940e-03 -4.0545640929651313e-03 1.124000e-03
0 2 2.3110612885926481e-03 -4.9555287252953514e-03 9.198000e-04
0 3 -4.4121019566226490e-03 9.4606396630332115e-03 4.818000e-04
0 4 -2.9413588718172619e-03 6.3070436689502329e-03 7.227000e-04
1 -4 4.6507016423396816e-03 -9.9722348552613027e-03 4.571000e-04
1 -3 1.7578147751399771e-03 -3.7691756369779938e-03 1.209000e-03
1 -2 -3.9862986643896337e-03 8.5476586603089686e-03 5.332000e-04
1 -1 1.8908882050439940e-03 -4.0545640929651313e-03 1.124000e-03
1 0 1.8908882050439940e-03 -4.0545640929651313e-03 1.124000e-03
1 1 -1.9931493321948168e-03 4.2738293301544843e-03 5.332000e-04
1 2 1.7578147751399771e-03 -3.7691756369779938e-03 1.209000e-03
1 3 4.6507016423396816e-03 -9.9722348552613027e-03 4.571000e-04
2 -4 -5.2735219382945573e-03 1.1307620122720690e-02 4.031000e-04
2 -3 1.7578147751399771e-03 -3.7691756369779938e-03 1.209000e-03
2 -2 2.3110612885926481e-03 -4.9555287252953514e-03 9.198000e-04
2 -1 -3.9862986643896337e-03 8.5476586603089686e-03 5.332000e-04
2 0 2.3110612885926481e-03 -4.9555287252953514e-03 9.198000e-04
2 1 1.7578147751399771e-03 -3.7691756369779938e-03 1.209000e-03
2 2 -2.6367609691472786e-03 5.6538100613603452e-03 4.031000e-04
3 -4 4.6507016423396816e-03 -9.9722348552613027e-03 4.571000e-04
3 -3 -4.4121019566226490e-03 9.4606396630332115e-03 4.818000e-04
3 -2 1.7578147751399771e-03 -3.7691756369779938e-03 1.209000e-03
3 -1 1.7578147751399771e-03 -3.7691756369779938e-03 1.209000e-03
3 0 -4.4121019566226490e-03 9.4606396630332115e-03 4.818000e-04
3 1 4.6507016423396816e-03 -9.9722348552613027e-03 4.571000e-04
4 -4 -2.9413588718172619e-03 6.3070436689502329e-03 7.227000e-04
4 -3 4.6507016423396816e-03 -9.9722348552613027e-03 4.571000e-04
4 -2 -5.2735219382945573e-03 1.1307620122720690e-02 4.031000e-04
4 -1 4.6507016423396816e-03 -9.9722348552613027e-03 4.571000e-04
4 0 -2.9413588718172619e-03 6.3070436689502329e-03 7.227000e-04
