# Q = G M A_out^(2)/(A_1 A_2), strain amplitudes, Eq. (29); strain phases of Eq. (19) and (-1)^m' of Eq. (39) included; M = 1; r* = r + 2 log(r/2 - 1)
# sector=eee l1=3 l2=3 l=4 omega1=omega2=Re(omega_l0)/2 (on resonance); 1/2 included on cells with m1 = m2
# rel_err: free-coefficient diagnostic
# m1 m2 Re_Qin Im_Qin rel_err
-3 -1 3.4263894338682807e-02 -1.6493747671292470e-03 4.254000e-04
-3 0 -4.1964566134612989e-02 2.0198291690261870e-03 3.474000e-04
-3 1 3.8852364740855988e-02 -1.8704228219692269e-03 3.752000e-04
-3 2 -2.8958409501223029e-02 1.3940271774207460e-03 5.034000e-04
-3 3 1.5861383322940369e-02 -7.6352868484759809e-04 9.191000e-04
-2 -2 -2.2117913535702399e-02 1.0647867896715710e-03 3.295000e-04
-2 -1 1.9782805537914099e-02 -9.5237205056274165e-04 7.369000e-04
-2 0 9.1573196279376642e-03 -4.4075988246589792e-04 1.592000e-03
-2 1 -2.9908807218248779e-02 1.4398015254530739e-03 4.874000e-04
-2 2 3.7010359240087123e-02 -1.7815002454456351e-03 3.939000e-04
-2 3 -2.8958409501223029e-02 1.3940271774207460e-03 5.034000e-04
-1 -3 3.4263894338682807e-02 -1.6493747671292470e-03 4.254000e-04
-1 -2 1.9782805537914099e-02 -9.5237205056274165e-04 7.369000e-04
-1 -1 -1.6719520777865256e-02 8.0491659275365901e-04 4.359000e-04
-1 0 2.0476914427818758e-02 -9.8572648130512567e-04 7.119000e-04
-1 1 5.2871647761220334e-03 -2.5452051206127960e-04 2.757000e-03
-1 2 -2.9908807218248779e-02 1.4398015254530739e-03 4.874000e-04
-1 3 3.8852364740855988e-02 -1.8704228219692269e-03 3.752000e-04
0 -3 -4.1964566134612989e-02 2.0198291690261870e-03 3.474000e-04
0 -2 9.1573196279376642e-03 -4.4075988246589792e-04 1.592000e-03
0 -1 2.0476914427818758e-02 -9.8572648130512567e-04 7.119000e-04
0 0 -1.5861383322940369e-02 7.6352868484759798e-04 4.595000e-04
0 1 2.0476914427818758e-02 -9.8572648130512567e-04 7.119000e-04
0 2 9.1573196279376642e-03 -4.4075988246589792e-04 1.592000e-03
0 3 -4.1964566134612989e-02 2.0198291690261870e-03 3.474000e-04
1 -3 3.8852364740855988e-02 -1.8704228219692269e-03 3.752000e-04
1 -2 -2.9908807218248779e-02 1.4398015254530739e-03 4.874000e-04
1 -1 5.2871647761220334e-03 -2.5452051206127960e-04 2.757000e-03
1 0 2.0476914427818758e-02 -9.8572648130512567e-04 7.119000e-04
1 1 -1.6719520777865256e-02 8.0491659275365901e-04 4.359000e-04
1 2 1.9782805537914099e-02 -9.5237205056274165e-04 7.369000e-04
1 3 3.4263894338682807e-02 -1.6493747671292470e-03 4.254000e-04
2 -3 -2.8958409501223029e-02 1.3940271774207460e-03 5.034000e-04
2 -2 3.7010359240087123e-02 -1.7815002454456351e-03 3.939000e-04
2 -1 -2.9908807218248779e-02 1.4398015254530739e-03 4.874000e-04
2 0 9.1573196279376642e-03 -4.4075988246589792e-04 1.592000e-03
2 1 1.9782805537914099e-02 -9.5237205056274165e-04 7.369000e-04
2 2 -2.2117913535702399e-02 1.0647867896715710e-03 3.295000e-04
3 -3 1.5861383322940369e-02 -7.6352868484759809e-04 9.191000e-04
3 -2 -2.8958409501223029e-02 1.3940271774207460e-03 5.034000e-04
3 -1 3.8852364740855988e-02 -1.8704228219692269e-03 3.752000e-04
3 0 -4.1964566134612989e-02 2.0198291690261870e-03 3.474000e-04
3 1 3.4263894338682807e-02 -1.6493747671292470e-03 4.254000e-04
