# Q = G M A_out^(2)/(A_1 A_2), strain amplitudes, Eq. (29); strain phases of Eq. (19) and (-1)^m' of Eq. (39) included; M = 1; r* = r + 2 log(r/2 - 1)
# sector=eee l1=5 l2=5 l=2 omega1=omega2=Re(omega_l0)/2 (on resonance); 1/2 included on cells with m1 = m2
# rel_err: free-coefficient diagnostic of this code (nan for source=1)
# source: 0 = BlackHoleNonlinearities.jl; 1 = independent frequency-domain values by Zhen Zhong,
#   used where this code fails the 1% criterion (they agree to <1% on all common cells)
# m1 m2 Re_Qin Im_Qin rel_err source
-5 3 -5.9065769009414987e-04 2.0953575226291738e-03 3.271000e-04 0
-5 4 -1.2529493664933380e-03 4.4448403859348104e-03 1.542000e-04 0
-5 5 -1.6172424731093779e-03 5.7379874359292336e-03 1.194000e-04 0
-4 2 9.1499482122083843e-04 -3.2459515934520808e-03 2.111000e-04 0
-4 3 1.3074466275601561e-03 -4.6382576114964774e-03 1.478000e-04 0
-4 4 6.4705051311095838e-04 -2.2952592610583269e-03 2.986000e-04 0
-4 5 -1.2529493664933380e-03 4.4448403859348104e-03 1.542000e-04 0
-3 1 -1.1412011216077791e-03 4.0485100013077620e-03 1.693000e-04 0
-3 2 -1.0782388177131110e-03 3.8253825382059780e-03 1.792000e-04 0
-3 3 1.0783219782195640e-04 -3.8254938882933840e-04 1.792000e-03 0
-3 4 1.3074466275601561e-03 -4.6382576114964774e-03 1.478000e-04 0
-3 5 -5.9065769009414987e-04 2.0953575226291738e-03 3.271000e-04 0
-2 0 1.2759466428163030e-03 -4.5262634707110110e-03 1.514000e-04 0
-2 1 6.9885079617992255e-04 -2.4792161281463822e-03 2.765000e-04 0
-2 2 -6.4705051311095838e-04 2.2952592610583269e-03 2.986000e-04 0
-2 3 -1.0782388177131110e-03 3.8253825382059780e-03 1.792000e-04 0
-2 4 9.1499482122083843e-04 -3.2459515934520808e-03 2.111000e-04 0
-1 -1 -6.6036943459324296e-04 2.3426231179421316e-03 1.463000e-04 0
-1 0 -2.4112460115412391e-04 8.5538182492145179e-04 8.012000e-04 0
-1 1 9.7042227355428315e-04 -3.4428495378481211e-03 1.991000e-04 0
-1 2 6.9885079617992255e-04 -2.4792161281463822e-03 2.765000e-04 0
-1 3 -1.1412011216077791e-03 4.0485100013077620e-03 1.693000e-04 0
0 -2 1.2759466428163030e-03 -4.5262634707110110e-03 1.514000e-04 0
0 -1 -2.4112460115412391e-04 8.5538182492145179e-04 8.012000e-04 0
0 0 -5.3911940885655550e-04 1.9126912691029890e-03 1.792000e-04 0
0 1 -2.4112460115412391e-04 8.5538182492145179e-04 8.012000e-04 0
0 2 1.2759466428163030e-03 -4.5262634707110110e-03 1.514000e-04 0
1 -3 -1.1412011216077791e-03 4.0485100013077620e-03 1.693000e-04 0
1 -2 6.9885079617992255e-04 -2.4792161281463822e-03 2.765000e-04 0
1 -1 9.7042227355428315e-04 -3.4428495378481211e-03 1.991000e-04 0
1 0 -2.4112460115412391e-04 8.5538182492145179e-04 8.012000e-04 0
1 1 -6.6036943459324296e-04 2.3426231179421316e-03 1.463000e-04 0
2 -4 9.1499482122083843e-04 -3.2459515934520808e-03 2.111000e-04 0
2 -3 -1.0782388177131110e-03 3.8253825382059780e-03 1.792000e-04 0
2 -2 -6.4705051311095838e-04 2.2952592610583269e-03 2.986000e-04 0
2 -1 6.9885079617992255e-04 -2.4792161281463822e-03 2.765000e-04 0
2 0 1.2759466428163030e-03 -4.5262634707110110e-03 1.514000e-04 0
3 -5 -5.9065769009414987e-04 2.0953575226291738e-03 3.271000e-04 0
3 -4 1.3074466275601561e-03 -4.6382576114964774e-03 1.478000e-04 0
3 -3 1.0783219782195640e-04 -3.8254938882933840e-04 1.792000e-03 0
3 -2 -1.0782388177131110e-03 3.8253825382059780e-03 1.792000e-04 0
3 -1 -1.1412011216077791e-03 4.0485100013077620e-03 1.693000e-04 0
4 -5 -1.2529493664933380e-03 4.4448403859348104e-03 1.542000e-04 0
4 -4 6.4705051311095838e-04 -2.2952592610583269e-03 2.986000e-04 0
4 -3 1.3074466275601561e-03 -4.6382576114964774e-03 1.478000e-04 0
4 -2 9.1499482122083843e-04 -3.2459515934520808e-03 2.111000e-04 0
5 -5 -1.6172424731093779e-03 5.7379874359292336e-03 1.194000e-04 0
5 -4 -1.2529493664933380e-03 4.4448403859348104e-03 1.542000e-04 0
5 -3 -5.9065769009414987e-04 2.0953575226291738e-03 3.271000e-04 0
