# Q = G M A_out^(2)/(A_1 A_2), strain amplitudes, Eq. (29); strain phases of Eq. (19) and (-1)^m' of Eq. (39) included; M = 1; r* = r + 2 log(r/2 - 1)
# sector=eee l1=4 l2=4 l=8 omega1=omega2=Re(omega_l0)/2 (on resonance); 1/2 included on cells with m1 = m2
# rel_err: free-coefficient diagnostic
# m1 m2 Re_Qin Im_Qin rel_err
-4 -4 2.0707465314878551e-01 8.9019232667769954e-02 4.665000e-05
-4 -3 -2.9284774859278312e-01 -1.2589224638678859e-01 6.598000e-05
-4 -2 2.0005313037620090e-01 8.6000759558512954e-02 9.658000e-05
-4 -1 -1.3096552834381570e-01 -5.6300734054989643e-02 1.475000e-04
-4 0 8.1221360588470529e-02 3.4916223619401700e-02 2.379000e-04
-4 1 -4.6893180350627631e-02 -2.0158888198546290e-02 4.120000e-04
-4 2 2.4489162374363580e-02 1.0527636187936361e-02 7.890000e-04
-4 3 -1.0951887716699370e-02 -4.7081006144763134e-03 1.764000e-03
-4 4 3.6506283671708332e-03 1.5693675620059970e-03 5.293000e-03
-3 -4 -2.9284774859278312e-01 -1.2589224638678859e-01 6.598000e-05
-3 -3 1.5122590390609444e-01 6.5010477116083057e-02 6.389000e-05
-3 -2 -2.6193105668763128e-01 -1.1260146810997930e-01 7.377000e-05
-3 -1 2.0547554448090011e-01 8.8331860878804846e-02 9.404000e-05
-3 0 -1.4828923639241470e-01 -6.3748035407618045e-02 1.303000e-04
-3 1 9.7956649497454321e-02 4.2110544751745423e-02 1.973000e-04
-3 2 -5.7951938656576538e-02 -2.4912929302125238e-02 3.334000e-04
-3 3 2.9205026937366659e-02 1.2554940496047979e-02 6.616000e-04
-3 4 -1.0951887716699370e-02 -4.7081006144763134e-03 1.764000e-03
-2 -4 2.0005313037620090e-01 8.6000759558512954e-02 9.658000e-05
-2 -3 -2.6193105668763128e-01 -1.1260146810997930e-01 7.377000e-05
-2 -2 1.3590933886407569e-01 5.8426022066435747e-02 7.108000e-05
-2 -1 -2.4813530320115609e-01 -1.0667083083996121e-01 7.787000e-05
-2 0 2.0489101438984000e-01 8.8080575977377881e-02 9.430000e-05
-2 1 -1.5332644176978991e-01 -6.5913409967038927e-02 1.260000e-04
-2 2 1.0221758350844271e-01 4.3942281514171622e-02 1.890000e-04
-2 3 -5.7951938656576538e-02 -2.4912929302125238e-02 3.334000e-04
-2 4 2.4489162374363580e-02 1.0527636187936361e-02 7.890000e-04
-1 -4 -1.3096552834381570e-01 -5.6300734054989643e-02 1.475000e-04
-1 -3 2.0547554448090011e-01 8.8331860878804846e-02 9.404000e-05
-1 -2 -2.4813530320115609e-01 -1.0667083083996121e-01 7.787000e-05
-1 -1 1.2958441015718455e-01 5.5707043902098900e-02 7.455000e-05
-1 0 -2.4243031462199269e-01 -1.0421829092832900e-01 7.970000e-05
-1 1 2.0443516701688549e-01 8.7884563028343243e-02 9.451000e-05
-1 2 -1.5332644176978991e-01 -6.5913409967038927e-02 1.260000e-04
-1 3 9.7956649497454321e-02 4.2110544751745423e-02 1.973000e-04
-1 4 -4.6893180350627631e-02 -2.0158888198546290e-02 4.120000e-04
0 -4 8.1221360588470529e-02 3.4916223619401700e-02 2.379000e-04
0 -3 -1.4828923639241470e-01 -6.3748035407618045e-02 1.303000e-04
0 -2 2.0489101438984000e-01 8.8080575977377881e-02 9.430000e-05
0 -1 -2.4243031462199269e-01 -1.0421829092832900e-01 7.970000e-05
0 0 1.2777199486008040e-01 5.4927860168613098e-02 7.561000e-05
0 1 -2.4243031462199269e-01 -1.0421829092832900e-01 7.970000e-05
0 2 2.0489101438984000e-01 8.8080575977377881e-02 9.430000e-05
0 3 -1.4828923639241470e-01 -6.3748035407618045e-02 1.303000e-04
0 4 8.1221360588470529e-02 3.4916223619401700e-02 2.379000e-04
1 -4 -4.6893180350627631e-02 -2.0158888198546290e-02 4.120000e-04
1 -3 9.7956649497454321e-02 4.2110544751745423e-02 1.973000e-04
1 -2 -1.5332644176978991e-01 -6.5913409967038927e-02 1.260000e-04
1 -1 2.0443516701688549e-01 8.7884563028343243e-02 9.451000e-05
1 0 -2.4243031462199269e-01 -1.0421829092832900e-01 7.970000e-05
1 1 1.2958441015718455e-01 5.5707043902098900e-02 7.455000e-05
1 2 -2.4813530320115609e-01 -1.0667083083996121e-01 7.787000e-05
1 3 2.0547554448090011e-01 8.8331860878804846e-02 9.404000e-05
1 4 -1.3096552834381570e-01 -5.6300734054989643e-02 1.475000e-04
2 -4 2.4489162374363580e-02 1.0527636187936361e-02 7.890000e-04
2 -3 -5.7951938656576538e-02 -2.4912929302125238e-02 3.334000e-04
2 -2 1.0221758350844271e-01 4.3942281514171622e-02 1.890000e-04
2 -1 -1.5332644176978991e-01 -6.5913409967038927e-02 1.260000e-04
2 0 2.0489101438984000e-01 8.8080575977377881e-02 9.430000e-05
2 1 -2.4813530320115609e-01 -1.0667083083996121e-01 7.787000e-05
2 2 1.3590933886407569e-01 5.8426022066435747e-02 7.108000e-05
2 3 -2.6193105668763128e-01 -1.1260146810997930e-01 7.377000e-05
2 4 2.0005313037620090e-01 8.6000759558512954e-02 9.658000e-05
3 -4 -1.0951887716699370e-02 -4.7081006144763134e-03 1.764000e-03
3 -3 2.9205026937366659e-02 1.2554940496047979e-02 6.616000e-04
3 -2 -5.7951938656576538e-02 -2.4912929302125238e-02 3.334000e-04
3 -1 9.7956649497454321e-02 4.2110544751745423e-02 1.973000e-04
3 0 -1.4828923639241470e-01 -6.3748035407618045e-02 1.303000e-04
3 1 2.0547554448090011e-01 8.8331860878804846e-02 9.404000e-05
3 2 -2.6193105668763128e-01 -1.1260146810997930e-01 7.377000e-05
3 3 1.5122590390609444e-01 6.5010477116083057e-02 6.389000e-05
3 4 -2.9284774859278312e-01 -1.2589224638678859e-01 6.598000e-05
4 -4 3.6506283671708332e-03 1.5693675620059970e-03 5.293000e-03
4 -3 -1.0951887716699370e-02 -4.7081006144763134e-03 1.764000e-03
4 -2 2.4489162374363580e-02 1.0527636187936361e-02 7.890000e-04
4 -1 -4.6893180350627631e-02 -2.0158888198546290e-02 4.120000e-04
4 0 8.1221360588470529e-02 3.4916223619401700e-02 2.379000e-04
4 1 -1.3096552834381570e-01 -5.6300734054989643e-02 1.475000e-04
4 2 2.0005313037620090e-01 8.6000759558512954e-02 9.658000e-05
4 3 -2.9284774859278312e-01 -1.2589224638678859e-01 6.598000e-05
4 4 2.0707465314878551e-01 8.9019232667769954e-02 4.665000e-05
