# Q = G M A_out^(2)/(A_1 A_2), strain amplitudes, Eq. (29); strain phases of Eq. (19) and (-1)^m' of Eq. (39) included; M = 1; r* = r + 2 log(r/2 - 1)
# sector=eee l1=5 l2=5 l=6 omega1=omega2=Re(omega_l0)/2 (on resonance); 1/2 included on cells with m1 = m2
# rel_err: free-coefficient diagnostic of this code (nan for source=1)
# source: 0 = BlackHoleNonlinearities.jl; 1 = independent frequency-domain values by Zhen Zhong,
#   used where this code fails the 1% criterion (they agree to <1% on all common cells)
# m1 m2 Re_Qin Im_Qin rel_err source
-5 -1 2.2535559628451010e-04 2.2615736023695052e-03 7.397000e-04 0
-5 0 3.5629753033529791e-04 3.5759063978084678e-03 4.678000e-04 0
-5 1 4.1607060757077672e-04 4.1757652916558467e-03 4.006000e-04 0
-5 2 4.0197309707600459e-04 4.0341656515463084e-03 4.147000e-04 0
-5 3 3.2817395565159851e-04 3.2939298530997810e-03 5.079000e-04 0
-5 4 2.2016971296536880e-04 2.2096009017393580e-03 7.571000e-04 0
-5 5 1.0742390833627370e-04 1.0781752371754490e-03 1.552000e-03 0
-4 -2 -3.7709620742739790e-04 -3.7843464600810449e-03 4.421000e-04 0
-4 -1 -3.7029806513065317e-04 -3.7161494120204730e-03 4.502000e-04 0
-4 0 -1.9218358795332550e-04 -1.9286857328738830e-03 8.674000e-04 0
-4 1 4.8045896988331368e-05 4.8217143321847069e-04 3.470000e-03 0
-4 2 2.5422435272551752e-04 2.5514557553974601e-03 6.557000e-04 0
-4 3 3.6102604964429212e-04 3.6232887115568960e-03 4.617000e-04 0
-4 4 3.4377505837909441e-04 3.4501544982079740e-03 4.849000e-04 0
-4 5 2.2016971296536880e-04 2.2096009017393580e-03 7.571000e-04 0
-3 -3 2.1769897443868404e-04 2.1849037336248672e-03 3.828000e-04 0
-3 -2 1.5393177515748090e-04 1.5449805171901961e-03 1.083000e-03 0
-3 -1 -1.6126614780276419e-04 -1.6184692264886761e-03 1.034000e-03 0
-3 0 -3.1011367426973498e-04 -3.1124293889198689e-03 5.375000e-04 0
-3 1 -2.4913695681408950e-04 -2.5002852198938471e-03 6.691000e-04 0
-3 2 -3.7898551020482452e-05 -3.8034514739992899e-04 4.399000e-03 0
-3 3 2.0769870376315821e-04 2.0844733913600241e-03 8.026000e-04 0
-3 4 3.6102604964429212e-04 3.6232887115568960e-03 4.617000e-04 0
-3 5 3.2817395565159851e-04 3.2939298530997810e-03 5.079000e-04 0
-2 -4 -3.7709620742739790e-04 -3.7843464600810449e-03 4.421000e-04 0
-2 -3 1.5393177515748090e-04 1.5449805171901961e-03 1.083000e-03 0
-2 -2 1.6078397266787816e-04 1.6136750318128321e-03 5.184000e-04 0
-2 -1 1.6642919020002441e-04 1.6703007975564701e-03 1.002000e-03 0
-2 0 -1.0128120058410420e-04 -1.0165129105973549e-03 1.646000e-03 0
-2 1 -2.8068581533491528e-04 -2.8170224340710718e-03 5.939000e-04 0
-2 2 -2.5782101182998392e-04 -2.5876341361147242e-03 6.465000e-04 0
-2 3 -3.7898551020482452e-05 -3.8034514739992899e-04 4.399000e-03 0
-2 4 2.5422435272551752e-04 2.5514557553974601e-03 6.557000e-04 0
-2 5 4.0197309707600459e-04 4.0341656515463084e-03 4.147000e-04 0
-1 -5 2.2535559628451010e-04 2.2615736023695052e-03 7.397000e-04 0
-1 -4 -3.7029806513065317e-04 -3.7161494120204730e-03 4.502000e-04 0
-1 -3 -1.6126614780276419e-04 -1.6184692264886761e-03 1.034000e-03 0
-1 -2 1.6642919020002441e-04 1.6703007975564701e-03 1.002000e-03 0
-1 -1 1.4678197379765126e-04 1.4730668266521470e-03 5.679000e-04 0
-1 0 1.6948654228266411e-04 1.7009522996191330e-03 9.836000e-04 0
-1 1 -8.5943764594773590e-05 -8.6253862455199350e-04 1.940000e-03 0
-1 2 -2.8068581533491528e-04 -2.8170224340710718e-03 5.939000e-04 0
-1 3 -2.4913695681408950e-04 -2.5002852198938471e-03 6.691000e-04 0
-1 4 4.8045896988331368e-05 4.8217143321847069e-04 3.470000e-03 0
-1 5 4.1607060757077672e-04 4.1757652916558467e-03 4.006000e-04 0
0 -5 3.5629753033529791e-04 3.5759063978084678e-03 4.678000e-04 0
0 -4 -1.9218358795332550e-04 -1.9286857328738830e-03 8.674000e-04 0
0 -3 -3.1011367426973498e-04 -3.1124293889198689e-03 5.375000e-04 0
0 -2 -1.0128120058410420e-04 -1.0165129105973549e-03 1.646000e-03 0
0 -1 1.6948654228266411e-04 1.7009522996191330e-03 9.836000e-04 0
0 0 1.4323209586345129e-04 1.4375740554667870e-03 5.819000e-04 0
0 1 1.6948654228266411e-04 1.7009522996191330e-03 9.836000e-04 0
0 2 -1.0128120058410420e-04 -1.0165129105973549e-03 1.646000e-03 0
0 3 -3.1011367426973498e-04 -3.1124293889198689e-03 5.375000e-04 0
0 4 -1.9218358795332550e-04 -1.9286857328738830e-03 8.674000e-04 0
0 5 3.5629753033529791e-04 3.5759063978084678e-03 4.678000e-04 0
1 -5 4.1607060757077672e-04 4.1757652916558467e-03 4.006000e-04 0
1 -4 4.8045896988331368e-05 4.8217143321847069e-04 3.470000e-03 0
1 -3 -2.4913695681408950e-04 -2.5002852198938471e-03 6.691000e-04 0
1 -2 -2.8068581533491528e-04 -2.8170224340710718e-03 5.939000e-04 0
1 -1 -8.5943764594773590e-05 -8.6253862455199350e-04 1.940000e-03 0
1 0 1.6948654228266411e-04 1.7009522996191330e-03 9.836000e-04 0
1 1 1.4678197379765126e-04 1.4730668266521470e-03 5.679000e-04 0
1 2 1.6642919020002441e-04 1.6703007975564701e-03 1.002000e-03 0
1 3 -1.6126614780276419e-04 -1.6184692264886761e-03 1.034000e-03 0
1 4 -3.7029806513065317e-04 -3.7161494120204730e-03 4.502000e-04 0
1 5 2.2535559628451010e-04 2.2615736023695052e-03 7.397000e-04 0
2 -5 4.0197309707600459e-04 4.0341656515463084e-03 4.147000e-04 0
2 -4 2.5422435272551752e-04 2.5514557553974601e-03 6.557000e-04 0
2 -3 -3.7898551020482452e-05 -3.8034514739992899e-04 4.399000e-03 0
2 -2 -2.5782101182998392e-04 -2.5876341361147242e-03 6.465000e-04 0
2 -1 -2.8068581533491528e-04 -2.8170224340710718e-03 5.939000e-04 0
2 0 -1.0128120058410420e-04 -1.0165129105973549e-03 1.646000e-03 0
2 1 1.6642919020002441e-04 1.6703007975564701e-03 1.002000e-03 0
2 2 1.6078397266787816e-04 1.6136750318128321e-03 5.184000e-04 0
2 3 1.5393177515748090e-04 1.5449805171901961e-03 1.083000e-03 0
2 4 -3.7709620742739790e-04 -3.7843464600810449e-03 4.421000e-04 0
3 -5 3.2817395565159851e-04 3.2939298530997810e-03 5.079000e-04 0
3 -4 3.6102604964429212e-04 3.6232887115568960e-03 4.617000e-04 0
3 -3 2.0769870376315821e-04 2.0844733913600241e-03 8.026000e-04 0
3 -2 -3.7898551020482452e-05 -3.8034514739992899e-04 4.399000e-03 0
3 -1 -2.4913695681408950e-04 -2.5002852198938471e-03 6.691000e-04 0
3 0 -3.1011367426973498e-04 -3.1124293889198689e-03 5.375000e-04 0
3 1 -1.6126614780276419e-04 -1.6184692264886761e-03 1.034000e-03 0
3 2 1.5393177515748090e-04 1.5449805171901961e-03 1.083000e-03 0
3 3 2.1769897443868404e-04 2.1849037336248672e-03 3.828000e-04 0
4 -5 2.2016971296536880e-04 2.2096009017393580e-03 7.571000e-04 0
4 -4 3.4377505837909441e-04 3.4501544982079740e-03 4.849000e-04 0
4 -3 3.6102604964429212e-04 3.6232887115568960e-03 4.617000e-04 0
4 -2 2.5422435272551752e-04 2.5514557553974601e-03 6.557000e-04 0
4 -1 4.8045896988331368e-05 4.8217143321847069e-04 3.470000e-03 0
4 0 -1.9218358795332550e-04 -1.9286857328738830e-03 8.674000e-04 0
4 1 -3.7029806513065317e-04 -3.7161494120204730e-03 4.502000e-04 0
4 2 -3.7709620742739790e-04 -3.7843464600810449e-03 4.421000e-04 0
5 -5 1.0742390833627370e-04 1.0781752371754490e-03 1.552000e-03 0
5 -4 2.2016971296536880e-04 2.2096009017393580e-03 7.571000e-04 0
5 -3 3.2817395565159851e-04 3.2939298530997810e-03 5.079000e-04 0
5 -2 4.0197309707600459e-04 4.0341656515463084e-03 4.147000e-04 0
5 -1 4.1607060757077672e-04 4.1757652916558467e-03 4.006000e-04 0
5 0 3.5629753033529791e-04 3.5759063978084678e-03 4.678000e-04 0
5 1 2.2535559628451010e-04 2.2615736023695052e-03 7.397000e-04 0
