# Q = G M A_out^(2)/(A_1 A_2), strain amplitudes, Eq. (29); strain phases of Eq. (19) and (-1)^m' of Eq. (39) included; M = 1; r* = r + 2 log(r/2 - 1)
# sector=eee l1=5 l2=5 l=8 omega1=omega2=Re(omega_l0)/2 (on resonance); 1/2 included on cells with m1 = m2
# rel_err: free-coefficient diagnostic
# m1 m2 Re_Qin Im_Qin rel_err
-5 -3 2.4878130686390620e-02 1.0393170231952990e-02 4.509000e-04
-5 -2 -3.0469357877305151e-02 -1.2728949864160359e-02 3.681000e-04
-5 -1 2.9436223168981712e-02 1.2297348835607630e-02 3.810000e-04
-5 0 -2.4878130686390620e-02 -1.0393170231952990e-02 4.509000e-04
-5 1 1.8896315584585800e-02 7.8941635023785442e-03 5.936000e-04
-5 2 -1.2908633831486110e-02 -5.3927442432178683e-03 8.689000e-04
-5 3 7.7841965750501960e-03 3.2519424450319799e-03 1.441000e-03
-5 4 -3.9473133526411030e-03 -1.6490369479147859e-03 2.842000e-03
-5 5 1.4710756782861040e-03 6.1455980396828461e-04 7.625000e-03
-4 -4 -1.6688766678949508e-02 -6.9719263101016846e-03 3.361000e-04
-4 -3 1.5734323020628910e-02 6.5732054269458627e-03 7.129000e-04
-4 -2 3.5182994187989989e-03 1.4698151255464361e-03 3.188000e-03
-4 -1 -1.7236073214750701e-02 -7.2005874612299644e-03 6.508000e-04
-4 0 2.4001526419056729e-02 1.0026939866579440e-02 4.673000e-04
-4 1 -2.4686033270523600e-02 -1.0312900271834921e-02 4.544000e-04
-4 2 2.1103637249167539e-02 8.8163099011114125e-03 5.315000e-04
-4 3 -1.5299185358023409e-02 -6.3914008690001099e-03 7.331000e-04
-4 4 9.1206781226119745e-03 3.8102757670886748e-03 1.230000e-03
-4 5 -3.9473133526411030e-03 -1.6490369479147859e-03 2.842000e-03
-3 -5 2.4878130686390620e-02 1.0393170231952990e-02 4.509000e-04
-3 -4 1.5734323020628910e-02 6.5732054269458627e-03 7.129000e-04
-3 -3 -1.2187748900903300e-02 -5.0915805006324201e-03 4.602000e-04
-3 -2 1.6122882835473348e-02 6.7355311518409238e-03 6.957000e-04
-3 -1 -1.6901367853314050e-03 -7.0607471070062498e-04 6.637000e-03
-3 0 -1.1951074277092130e-02 -4.9927129513354053e-03 9.385000e-04
-3 1 2.0949274118738131e-02 8.7518118536222388e-03 5.354000e-04
-3 2 -2.3951000635988390e-02 -1.0005840901344000e-02 4.683000e-04
-3 3 2.1477693970814379e-02 8.9725731128878286e-03 5.222000e-04
-3 4 -1.5299185358023409e-02 -6.3914008690001099e-03 7.331000e-04
-3 5 7.7841965750501960e-03 3.2519424450319799e-03 1.441000e-03
-2 -5 -3.0469357877305151e-02 -1.2728949864160359e-02 3.681000e-04
-2 -4 3.5182994187989989e-03 1.4698151255464361e-03 3.188000e-03
-2 -3 1.6122882835473348e-02 6.7355311518409238e-03 6.957000e-04
-2 -2 -1.0953347693733715e-02 -4.5758915293675510e-03 5.120000e-04
-2 -1 1.6034052850881490e-02 6.6984117860446630e-03 6.995000e-04
-2 0 -3.6033817514472969e-03 -1.5053581168065239e-03 3.113000e-03
-2 1 -9.9076706961000478e-03 -4.1390431290596417e-03 1.132000e-03
-2 2 2.0006616174880389e-02 8.3579980945532699e-03 5.606000e-04
-2 3 -2.3951000635988390e-02 -1.0005840901344000e-02 4.683000e-04
-2 4 2.1103637249167539e-02 8.8163099011114125e-03 5.315000e-04
-2 5 -1.2908633831486110e-02 -5.3927442432178683e-03 8.689000e-04
-1 -5 2.9436223168981712e-02 1.2297348835607630e-02 3.810000e-04
-1 -4 -1.7236073214750701e-02 -7.2005874612299644e-03 6.508000e-04
-1 -3 -1.6901367853314050e-03 -7.0607471070062498e-04 6.637000e-03
-1 -2 1.6034052850881490e-02 6.6984117860446630e-03 6.995000e-04
-1 -1 -1.0443591193461570e-02 -4.3629307495908895e-03 5.370000e-04
-1 0 1.5952852219767409e-02 6.6644989841620639e-03 7.031000e-04
-1 1 -4.1190091101784669e-03 -1.7207629675280440e-03 2.723000e-03
-1 2 -9.9076706961000478e-03 -4.1390431290596417e-03 1.132000e-03
-1 3 2.0949274118738131e-02 8.7518118536222388e-03 5.354000e-04
-1 4 -2.4686033270523600e-02 -1.0312900271834921e-02 4.544000e-04
-1 5 1.8896315584585800e-02 7.8941635023785442e-03 5.936000e-04
0 -5 -2.4878130686390620e-02 -1.0393170231952990e-02 4.509000e-04
0 -4 2.4001526419056729e-02 1.0026939866579440e-02 4.673000e-04
0 -3 -1.1951074277092130e-02 -4.9927129513354053e-03 9.385000e-04
0 -2 -3.6033817514472969e-03 -1.5053581168065239e-03 3.113000e-03
0 -1 1.5952852219767409e-02 6.6644989841620639e-03 7.031000e-04
0 0 -1.0297524270616400e-02 -4.3019158870414142e-03 5.446000e-04
0 1 1.5952852219767409e-02 6.6644989841620639e-03 7.031000e-04
0 2 -3.6033817514472969e-03 -1.5053581168065239e-03 3.113000e-03
0 3 -1.1951074277092130e-02 -4.9927129513354053e-03 9.385000e-04
0 4 2.4001526419056729e-02 1.0026939866579440e-02 4.673000e-04
0 5 -2.4878130686390620e-02 -1.0393170231952990e-02 4.509000e-04
1 -5 1.8896315584585800e-02 7.8941635023785442e-03 5.936000e-04
1 -4 -2.4686033270523600e-02 -1.0312900271834921e-02 4.544000e-04
1 -3 2.0949274118738131e-02 8.7518118536222388e-03 5.354000e-04
1 -2 -9.9076706961000478e-03 -4.1390431290596417e-03 1.132000e-03
1 -1 -4.1190091101784669e-03 -1.7207629675280440e-03 2.723000e-03
1 0 1.5952852219767409e-02 6.6644989841620639e-03 7.031000e-04
1 1 -1.0443591193461570e-02 -4.3629307495908895e-03 5.370000e-04
1 2 1.6034052850881490e-02 6.6984117860446630e-03 6.995000e-04
1 3 -1.6901367853314050e-03 -7.0607471070062498e-04 6.637000e-03
1 4 -1.7236073214750701e-02 -7.2005874612299644e-03 6.508000e-04
1 5 2.9436223168981712e-02 1.2297348835607630e-02 3.810000e-04
2 -5 -1.2908633831486110e-02 -5.3927442432178683e-03 8.689000e-04
2 -4 2.1103637249167539e-02 8.8163099011114125e-03 5.315000e-04
2 -3 -2.3951000635988390e-02 -1.0005840901344000e-02 4.683000e-04
2 -2 2.0006616174880389e-02 8.3579980945532699e-03 5.606000e-04
2 -1 -9.9076706961000478e-03 -4.1390431290596417e-03 1.132000e-03
2 0 -3.6033817514472969e-03 -1.5053581168065239e-03 3.113000e-03
2 1 1.6034052850881490e-02 6.6984117860446630e-03 6.995000e-04
2 2 -1.0953347693733715e-02 -4.5758915293675510e-03 5.120000e-04
2 3 1.6122882835473348e-02 6.7355311518409238e-03 6.957000e-04
2 4 3.5182994187989989e-03 1.4698151255464361e-03 3.188000e-03
2 5 -3.0469357877305151e-02 -1.2728949864160359e-02 3.681000e-04
3 -5 7.7841965750501960e-03 3.2519424450319799e-03 1.441000e-03
3 -4 -1.5299185358023409e-02 -6.3914008690001099e-03 7.331000e-04
3 -3 2.1477693970814379e-02 8.9725731128878286e-03 5.222000e-04
3 -2 -2.3951000635988390e-02 -1.0005840901344000e-02 4.683000e-04
3 -1 2.0949274118738131e-02 8.7518118536222388e-03 5.354000e-04
3 0 -1.1951074277092130e-02 -4.9927129513354053e-03 9.385000e-04
3 1 -1.6901367853314050e-03 -7.0607471070062498e-04 6.637000e-03
3 2 1.6122882835473348e-02 6.7355311518409238e-03 6.957000e-04
3 3 -1.2187748900903300e-02 -5.0915805006324201e-03 4.602000e-04
3 4 1.5734323020628910e-02 6.5732054269458627e-03 7.129000e-04
3 5 2.4878130686390620e-02 1.0393170231952990e-02 4.509000e-04
4 -5 -3.9473133526411030e-03 -1.6490369479147859e-03 2.842000e-03
4 -4 9.1206781226119745e-03 3.8102757670886748e-03 1.230000e-03
4 -3 -1.5299185358023409e-02 -6.3914008690001099e-03 7.331000e-04
4 -2 2.1103637249167539e-02 8.8163099011114125e-03 5.315000e-04
4 -1 -2.4686033270523600e-02 -1.0312900271834921e-02 4.544000e-04
4 0 2.4001526419056729e-02 1.0026939866579440e-02 4.673000e-04
4 1 -1.7236073214750701e-02 -7.2005874612299644e-03 6.508000e-04
4 2 3.5182994187989989e-03 1.4698151255464361e-03 3.188000e-03
4 3 1.5734323020628910e-02 6.5732054269458627e-03 7.129000e-04
4 4 -1.6688766678949508e-02 -6.9719263101016846e-03 3.361000e-04
5 -5 1.4710756782861040e-03 6.1455980396828461e-04 7.625000e-03
5 -4 -3.9473133526411030e-03 -1.6490369479147859e-03 2.842000e-03
5 -3 7.7841965750501960e-03 3.2519424450319799e-03 1.441000e-03
5 -2 -1.2908633831486110e-02 -5.3927442432178683e-03 8.689000e-04
5 -1 1.8896315584585800e-02 7.8941635023785442e-03 5.936000e-04
5 0 -2.4878130686390620e-02 -1.0393170231952990e-02 4.509000e-04
5 1 2.9436223168981712e-02 1.2297348835607630e-02 3.810000e-04
5 2 -3.0469357877305151e-02 -1.2728949864160359e-02 3.681000e-04
5 3 2.4878130686390620e-02 1.0393170231952990e-02 4.509000e-04
