# Q = G M A_out^(2)/(A_1 A_2), strain amplitudes, Eq. (29); strain phases of Eq. (19) and (-1)^m' of Eq. (39) included; M = 1; r* = r + 2 log(r/2 - 1)
# sector=eee l1=4 l2=4 l=6 omega1=omega2=Re(omega_l0)/2 (on resonance); 1/2 included on cells with m1 = m2
# rel_err: free-coefficient diagnostic of this code (nan for source=1)
# source: 0 = BlackHoleNonlinearities.jl; 1 = independent frequency-domain values by Zhen Zhong,
#   used where this code fails the 1% criterion (they agree to <1% on all common cells)
# m1 m2 Re_Qin Im_Qin rel_err source
-4 -2 3.0519589477038939e-02 3.7409028576453080e-03 5.313000e-04 0
-4 -1 3.7378618499822068e-02 4.5816179054080962e-03 4.338000e-04 0
-4 0 3.5639269936256102e-02 4.3684554699987320e-03 4.550000e-04 0
-4 1 2.9099320052693920e-02 3.5668340532918411e-03 5.572000e-04 0
-4 2 2.0576374119336691e-02 2.5220990440963571e-03 7.880000e-04 0
-4 3 1.2173130446650559e-02 1.4920999942133241e-03 1.332000e-03 0
-4 4 5.3127942596350843e-03 6.5121329790624176e-04 3.052000e-03 0
-3 -3 -2.0186767240927200e-02 -2.4743766614518394e-03 4.016000e-04 0
-3 -2 -1.8689309249911041e-02 -2.2908089527040481e-03 8.676000e-04 0
-3 -1 5.6350709849547513e-03 6.9071598908007506e-04 2.878000e-03 0
-3 0 2.3004980887825491e-02 2.8198496831658110e-03 7.048000e-04 0
-3 1 3.0864571727849920e-02 3.7831551506553830e-03 5.254000e-04 0
-3 2 2.9906572768900210e-02 3.6657843731700990e-03 5.422000e-04 0
-3 3 2.2579340772795459e-02 2.7676740137115010e-03 7.181000e-04 0
-3 4 1.2173130446650559e-02 1.4920999942133241e-03 1.332000e-03 0
-2 -4 3.0519589477038939e-02 3.7409028576453080e-03 5.313000e-04 0
-2 -3 -1.8689309249911041e-02 -2.2908089527040481e-03 8.676000e-04 0
-2 -2 -1.4908970742000260e-02 -1.8274538129860935e-03 5.438000e-04 0
-2 -1 -1.9247390559407052e-02 -2.3592257328401158e-03 8.425000e-04 0
-2 0 0.0000000000000000e+00 0.0000000000000000e+00 inf 0
-2 1 1.8259771102913928e-02 2.2381810331836820e-03 8.880000e-04 0
-2 2 2.9220315524981250e-02 3.5816869724815820e-03 5.549000e-04 0
-2 3 2.9906572768900210e-02 3.6657843731700990e-03 5.422000e-04 0
-2 4 2.0576374119336691e-02 2.5220990440963571e-03 7.880000e-04 0
-1 -4 3.7378618499822068e-02 4.5816179054080962e-03 4.338000e-04 0
-1 -3 5.6350709849547513e-03 6.9071598908007506e-04 2.878000e-03 0
-1 -2 -1.9247390559407052e-02 -2.3592257328401158e-03 8.425000e-04 0
-1 -1 -1.3609918184699050e-02 -1.6682163374410015e-03 5.957000e-04 0
-1 0 -1.9247390559407052e-02 -2.3592257328401158e-03 8.425000e-04 0
-1 1 -1.3281577914405125e-03 -1.6294195231104881e-04 nan 1
-1 2 1.8259771102913928e-02 2.2381810331836820e-03 8.880000e-04 0
-1 3 3.0864571727849920e-02 3.7831551506553830e-03 5.254000e-04 0
-1 4 2.9099320052693920e-02 3.5668340532918411e-03 5.572000e-04 0
0 -4 3.5639269936256102e-02 4.3684554699987320e-03 4.550000e-04 0
0 -3 2.3004980887825491e-02 2.8198496831658110e-03 7.048000e-04 0
0 -2 0.0000000000000000e+00 0.0000000000000000e+00 inf 0
0 -1 -1.9247390559407052e-02 -2.3592257328401158e-03 8.425000e-04 0
0 0 -1.3281957350597520e-02 -1.6280141846771960e-03 6.104000e-04 0
0 1 -1.9247390559407052e-02 -2.3592257328401158e-03 8.425000e-04 0
0 2 0.0000000000000000e+00 0.0000000000000000e+00 inf 0
0 3 2.3004980887825491e-02 2.8198496831658110e-03 7.048000e-04 0
0 4 3.5639269936256102e-02 4.3684554699987320e-03 4.550000e-04 0
1 -4 2.9099320052693920e-02 3.5668340532918411e-03 5.572000e-04 0
1 -3 3.0864571727849920e-02 3.7831551506553830e-03 5.254000e-04 0
1 -2 1.8259771102913928e-02 2.2381810331836820e-03 8.880000e-04 0
1 -1 -1.3281577914405125e-03 -1.6294195231104881e-04 nan 1
1 0 -1.9247390559407052e-02 -2.3592257328401158e-03 8.425000e-04 0
1 1 -1.3609918184699050e-02 -1.6682163374410015e-03 5.957000e-04 0
1 2 -1.9247390559407052e-02 -2.3592257328401158e-03 8.425000e-04 0
1 3 5.6350709849547513e-03 6.9071598908007506e-04 2.878000e-03 0
1 4 3.7378618499822068e-02 4.5816179054080962e-03 4.338000e-04 0
2 -4 2.0576374119336691e-02 2.5220990440963571e-03 7.880000e-04 0
2 -3 2.9906572768900210e-02 3.6657843731700990e-03 5.422000e-04 0
2 -2 2.9220315524981250e-02 3.5816869724815820e-03 5.549000e-04 0
2 -1 1.8259771102913928e-02 2.2381810331836820e-03 8.880000e-04 0
2 0 0.0000000000000000e+00 0.0000000000000000e+00 inf 0
2 1 -1.9247390559407052e-02 -2.3592257328401158e-03 8.425000e-04 0
2 2 -1.4908970742000260e-02 -1.8274538129860935e-03 5.438000e-04 0
2 3 -1.8689309249911041e-02 -2.2908089527040481e-03 8.676000e-04 0
2 4 3.0519589477038939e-02 3.7409028576453080e-03 5.313000e-04 0
3 -4 1.2173130446650559e-02 1.4920999942133241e-03 1.332000e-03 0
3 -3 2.2579340772795459e-02 2.7676740137115010e-03 7.181000e-04 0
3 -2 2.9906572768900210e-02 3.6657843731700990e-03 5.422000e-04 0
3 -1 3.0864571727849920e-02 3.7831551506553830e-03 5.254000e-04 0
3 0 2.3004980887825491e-02 2.8198496831658110e-03 7.048000e-04 0
3 1 5.6350709849547513e-03 6.9071598908007506e-04 2.878000e-03 0
3 2 -1.8689309249911041e-02 -2.2908089527040481e-03 8.676000e-04 0
3 3 -2.0186767240927200e-02 -2.4743766614518394e-03 4.016000e-04 0
4 -4 5.3127942596350843e-03 6.5121329790624176e-04 3.052000e-03 0
4 -3 1.2173130446650559e-02 1.4920999942133241e-03 1.332000e-03 0
4 -2 2.0576374119336691e-02 2.5220990440963571e-03 7.880000e-04 0
4 -1 2.9099320052693920e-02 3.5668340532918411e-03 5.572000e-04 0
4 0 3.5639269936256102e-02 4.3684554699987320e-03 4.550000e-04 0
4 1 3.7378618499822068e-02 4.5816179054080962e-03 4.338000e-04 0
4 2 3.0519589477038939e-02 3.7409028576453080e-03 5.313000e-04 0
