# Q = G M A_out^(2)/(A_1 A_2), strain amplitudes, Eq. (29); strain phases of Eq. (19) and (-1)^m' of Eq. (39) included; M = 1; r* = r + 2 log(r/2 - 1)
# sector=eoe l1=5 l2=5 l=3 omega1=omega2=Re(omega_l0)/2 (on resonance); 1/2 included on cells with m1 = m2
# rel_err: free-coefficient diagnostic
# m1 m2 Re_Qin Im_Qin rel_err
-5 2 -1.5077790364017570e-04 4.6222530101992283e-05 1.925250e-02
-5 3 3.0155580728035152e-04 -9.2445060203984566e-05 9.626230e-03
-5 4 -4.0457957050200470e-04 1.2402806325979360e-04 7.174970e-03
-5 5 3.6932892843999528e-04 -1.1322161335587350e-04 7.859780e-03
-4 1 2.5229968973237141e-04 -7.7345086521656158e-05 1.150550e-02
-4 2 -3.5037618585133400e-04 1.0741145356054830e-04 8.284940e-03
-4 3 2.4124464584078319e-04 -7.3956048145239295e-05 1.203280e-02
-4 4 7.3865785680092436e-05 -2.2644322669544680e-05 3.929890e-02
-4 5 -4.0457957050200470e-04 1.2402806325979360e-04 7.174970e-03
-3 0 -3.2571749884768999e-04 9.9852077313924257e-05 8.912160e-03
-3 1 2.9133058754085182e-04 -8.9310413037475150e-05 9.964100e-03
-3 2 -1.7410332649157170e-05 5.3373180389659226e-06 1.667310e-01
-3 3 -2.7084121416016759e-04 8.3029183122513417e-05 1.071790e-02
-3 4 2.4124464584078319e-04 -7.3956048145239295e-05 1.203280e-02
-3 5 3.0155580728035152e-04 -9.2445060203984566e-05 9.626230e-03
-2 -1 3.6416323446603608e-04 -1.1163801628895059e-04 7.971280e-03
-2 0 -1.6285874942384499e-04 4.9926038656962128e-05 1.782430e-02
-2 1 -1.6924777707355890e-04 5.1884661357109228e-05 1.715150e-02
-2 2 2.8315217845750762e-04 -8.6803236910781034e-05 1.025190e-02
-2 3 -1.7410332649157170e-05 5.3373180389659226e-06 1.667310e-01
-2 4 -3.5037618585133400e-04 1.0741145356054830e-04 8.284940e-03
-2 5 -1.5077790364017570e-04 4.6222530101992283e-05 1.925250e-02
-1 -2 -3.6416323446603608e-04 1.1163801628895059e-04 7.971280e-03
-1 -1 0.0000000000000000e+00 0.0000000000000000e+00 inf
-1 0 2.7251481122216080e-04 -8.3542241663725212e-05 1.065210e-02
-1 1 -1.7235349991353359e-04 5.2836752905614272e-05 1.684240e-02
-1 2 -1.6924777707355890e-04 5.1884661357109228e-05 1.715150e-02
-1 3 2.9133058754085182e-04 -8.9310413037475150e-05 9.964100e-03
-1 4 2.5229968973237141e-04 -7.7345086521656158e-05 1.150550e-02
0 -3 3.2571749884768999e-04 -9.9852077313924257e-05 8.912160e-03
0 -2 1.6285874942384499e-04 -4.9926038656962128e-05 1.782430e-02
0 -1 -2.7251481122216080e-04 8.3542241663725212e-05 1.065210e-02
0 0 0.0000000000000000e+00 0.0000000000000000e+00 inf
0 1 2.7251481122216080e-04 -8.3542241663725212e-05 1.065210e-02
0 2 -1.6285874942384499e-04 4.9926038656962128e-05 1.782430e-02
0 3 -3.2571749884768999e-04 9.9852077313924257e-05 8.912160e-03
1 -4 -2.5229968973237141e-04 7.7345086521656158e-05 1.150550e-02
1 -3 -2.9133058754085182e-04 8.9310413037475150e-05 9.964100e-03
1 -2 1.6924777707355890e-04 -5.1884661357109228e-05 1.715150e-02
1 -1 1.7235349991353359e-04 -5.2836752905614272e-05 1.684240e-02
1 0 -2.7251481122216080e-04 8.3542241663725212e-05 1.065210e-02
1 1 0.0000000000000000e+00 0.0000000000000000e+00 inf
1 2 3.6416323446603608e-04 -1.1163801628895059e-04 7.971280e-03
2 -5 1.5077790364017570e-04 -4.6222530101992283e-05 1.925250e-02
2 -4 3.5037618585133400e-04 -1.0741145356054830e-04 8.284940e-03
2 -3 1.7410332649157170e-05 -5.3373180389659226e-06 1.667310e-01
2 -2 -2.8315217845750762e-04 8.6803236910781034e-05 1.025190e-02
2 -1 1.6924777707355890e-04 -5.1884661357109228e-05 1.715150e-02
2 0 1.6285874942384499e-04 -4.9926038656962128e-05 1.782430e-02
2 1 -3.6416323446603608e-04 1.1163801628895059e-04 7.971280e-03
3 -5 -3.0155580728035152e-04 9.2445060203984566e-05 9.626230e-03
3 -4 -2.4124464584078319e-04 7.3956048145239295e-05 1.203280e-02
3 -3 2.7084121416016759e-04 -8.3029183122513417e-05 1.071790e-02
3 -2 1.7410332649157170e-05 -5.3373180389659226e-06 1.667310e-01
3 -1 -2.9133058754085182e-04 8.9310413037475150e-05 9.964100e-03
3 0 3.2571749884768999e-04 -9.9852077313924257e-05 8.912160e-03
4 -5 4.0457957050200470e-04 -1.2402806325979360e-04 7.174970e-03
4 -4 -7.3865785680092436e-05 2.2644322669544680e-05 3.929890e-02
4 -3 -2.4124464584078319e-04 7.3956048145239295e-05 1.203280e-02
4 -2 3.5037618585133400e-04 -1.0741145356054830e-04 8.284940e-03
4 -1 -2.5229968973237141e-04 7.7345086521656158e-05 1.150550e-02
5 -5 -3.6932892843999528e-04 1.1322161335587350e-04 7.859780e-03
5 -4 4.0457957050200470e-04 -1.2402806325979360e-04 7.174970e-03
5 -3 -3.0155580728035152e-04 9.2445060203984566e-05 9.626230e-03
5 -2 1.5077790364017570e-04 -4.6222530101992283e-05 1.925250e-02
