# Q = G M A_out^(2)/(A_1 A_2), strain amplitudes, Eq. (29); strain phases of Eq. (19) and (-1)^m' of Eq. (39) included; M = 1; r* = r + 2 log(r/2 - 1)
# sector=eoe l1=4 l2=4 l=7 omega1=omega2=Re(omega_l0)/2 (on resonance); 1/2 included on cells with m1 = m2
# rel_err: free-coefficient diagnostic of this code (nan for source=1)
# source: 0 = BlackHoleNonlinearities.jl; 1 = independent frequency-domain values by Zhen Zhong,
#   used where this code fails the 1% criterion (they agree to <1% on all common cells)
# m1 m2 Re_Qin Im_Qin rel_err source
-4 -3 -1.1435919666937190e-03 -4.9844888858405351e-03 3.312370e-04 0
-4 -2 -1.1435919666937190e-03 -4.9844888858405351e-03 3.312370e-04 0
-4 -1 -9.5152603248990276e-04 -4.1473454445873281e-03 3.312370e-04 0
-4 0 -7.0922563033603192e-04 -3.0912487800904510e-03 3.312370e-04 0
-4 1 -4.7815982242795899e-04 -2.0841195023766470e-03 3.312370e-04 0
-4 2 -2.8689589345677543e-04 -1.2504717014259880e-03 3.312370e-04 0
-4 3 -1.4608023870418431e-04 -6.3670902513164541e-04 3.312370e-04 0
-4 4 -5.5213140438889137e-05 -2.4065339114410120e-04 3.312370e-04 0
-3 -4 1.1435919666937190e-03 4.9844888858405351e-03 3.312370e-04 0
-3 -2 -6.3435068832660177e-04 -2.7648969630582180e-03 3.312370e-04 0
-3 -1 -8.9710734673218839e-04 -3.9101547837211148e-03 3.312370e-04 0
-3 0 -9.0724447467240823e-04 -3.9543387260921464e-03 3.312370e-04 0
-3 1 -7.6505571588473425e-04 -3.3345912038026350e-03 3.312370e-04 0
-3 2 -5.5213140438889149e-04 -2.4065339114410118e-03 3.312370e-04 0
-3 3 -3.3127884263333492e-04 -1.4439203468646069e-03 3.312370e-04 0
-3 4 -1.4608023870418431e-04 -6.3670902513164541e-04 3.312370e-04 0
-2 -4 1.1435919666937190e-03 4.9844888858405351e-03 3.312370e-04 0
-2 -3 6.3435068832660177e-04 2.7648969630582180e-03 3.312370e-04 0
-2 -1 -5.0603679083487368e-04 -2.2056247623313189e-03 3.312370e-04 0
-2 0 -8.0011441944020999e-04 -3.4873989563172598e-03 3.312370e-04 0
-2 1 -8.7648143222510599e-04 -3.8202541507898731e-03 3.312370e-04 0
-2 2 -7.7298396614444806e-04 -3.3691474760174172e-03 3.312370e-04 0
-2 3 -5.5213140438889149e-04 -2.4065339114410118e-03 3.312370e-04 0
-2 4 -2.8689589345677543e-04 -1.2504717014259880e-03 3.312370e-04 0
-1 -4 9.5152603248990276e-04 4.1473454445873281e-03 3.312370e-04 0
-1 -3 8.9710734673218839e-04 3.9101547837211148e-03 3.312370e-04 0
-1 -2 5.0603679083487368e-04 2.2056247623313189e-03 3.312370e-04 0
-1 0 -4.6194627544630641e-04 -2.0134507262013902e-03 3.312370e-04 0
-1 1 -7.7298396614444806e-04 -3.3691474760174172e-03 3.312370e-04 0
-1 2 -8.7648143222510599e-04 -3.8202541507898731e-03 3.312370e-04 0
-1 3 -7.6505571588473425e-04 -3.3345912038026350e-03 3.312370e-04 0
-1 4 -4.7815982242795899e-04 -2.0841195023766470e-03 3.312370e-04 0
0 -4 7.0922563033603192e-04 3.0912487800904510e-03 3.312370e-04 0
0 -3 9.0724447467240823e-04 3.9543387260921464e-03 3.312370e-04 0
0 -2 8.0011441944020999e-04 3.4873989563172598e-03 3.312370e-04 0
0 -1 4.6194627544630641e-04 2.0134507262013902e-03 3.312370e-04 0
0 1 -4.6194627544630641e-04 -2.0134507262013902e-03 3.312370e-04 0
0 2 -8.0011441944020999e-04 -3.4873989563172598e-03 3.312370e-04 0
0 3 -9.0724447467240823e-04 -3.9543387260921464e-03 3.312370e-04 0
0 4 -7.0922563033603192e-04 -3.0912487800904510e-03 3.312370e-04 0
1 -4 4.7815982242795899e-04 2.0841195023766470e-03 3.312370e-04 0
1 -3 7.6505571588473425e-04 3.3345912038026350e-03 3.312370e-04 0
1 -2 8.7648143222510599e-04 3.8202541507898731e-03 3.312370e-04 0
1 -1 7.7298396614444806e-04 3.3691474760174172e-03 3.312370e-04 0
1 0 4.6194627544630641e-04 2.0134507262013902e-03 3.312370e-04 0
1 2 -5.0603679083487368e-04 -2.2056247623313189e-03 3.312370e-04 0
1 3 -8.9710734673218839e-04 -3.9101547837211148e-03 3.312370e-04 0
1 4 -9.5152603248990276e-04 -4.1473454445873281e-03 3.312370e-04 0
2 -4 2.8689589345677543e-04 1.2504717014259880e-03 3.312370e-04 0
2 -3 5.5213140438889149e-04 2.4065339114410118e-03 3.312370e-04 0
2 -2 7.7298396614444806e-04 3.3691474760174172e-03 3.312370e-04 0
2 -1 8.7648143222510599e-04 3.8202541507898731e-03 3.312370e-04 0
2 0 8.0011441944020999e-04 3.4873989563172598e-03 3.312370e-04 0
2 1 5.0603679083487368e-04 2.2056247623313189e-03 3.312370e-04 0
2 3 -6.3435068832660177e-04 -2.7648969630582180e-03 3.312370e-04 0
2 4 -1.1435919666937190e-03 -4.9844888858405351e-03 3.312370e-04 0
3 -4 1.4608023870418431e-04 6.3670902513164541e-04 3.312370e-04 0
3 -3 3.3127884263333492e-04 1.4439203468646069e-03 3.312370e-04 0
3 -2 5.5213140438889149e-04 2.4065339114410118e-03 3.312370e-04 0
3 -1 7.6505571588473425e-04 3.3345912038026350e-03 3.312370e-04 0
3 0 9.0724447467240823e-04 3.9543387260921464e-03 3.312370e-04 0
3 1 8.9710734673218839e-04 3.9101547837211148e-03 3.312370e-04 0
3 2 6.3435068832660177e-04 2.7648969630582180e-03 3.312370e-04 0
3 4 -1.1435919666937190e-03 -4.9844888858405351e-03 3.312370e-04 0
4 -4 5.5213140438889137e-05 2.4065339114410120e-04 3.312370e-04 0
4 -3 1.4608023870418431e-04 6.3670902513164541e-04 3.312370e-04 0
4 -2 2.8689589345677543e-04 1.2504717014259880e-03 3.312370e-04 0
4 -1 4.7815982242795899e-04 2.0841195023766470e-03 3.312370e-04 0
4 0 7.0922563033603192e-04 3.0912487800904510e-03 3.312370e-04 0
4 1 9.5152603248990276e-04 4.1473454445873281e-03 3.312370e-04 0
4 2 1.1435919666937190e-03 4.9844888858405351e-03 3.312370e-04 0
4 3 1.1435919666937190e-03 4.9844888858405351e-03 3.312370e-04 0
