# Q = G M A_out^(2)/(A_1 A_2), strain amplitudes, Eq. (29); strain phases of Eq. (19) and (-1)^m' of Eq. (39) included; M = 1; r* = r + 2 log(r/2 - 1)
# sector=eoe l1=5 l2=5 l=7 omega1=omega2=Re(omega_l0)/2 (on resonance); 1/2 included on cells with m1 = m2
# rel_err: free-coefficient diagnostic
# m1 m2 Re_Qin Im_Qin rel_err
-5 -2 -2.0099379468057580e-04 -6.9503976477325541e-05 inf
-5 -1 2.8424815041307861e-04 9.8293466117557843e-05 inf
-5 0 -3.0533149274871579e-04 -1.0558411977408340e-04 inf
-5 1 2.7872824356881389e-04 9.6384673681628634e-05 inf
-5 2 -2.2234821905742769e-04 -7.6888370592572376e-05 inf
-5 3 1.5404736498284181e-04 5.3269825859354049e-05 inf
-5 4 -8.8939287600857649e-05 -3.0755348240923117e-05 inf
-5 5 3.7583708686661922e-05 1.2996506725799551e-05 inf
-4 -3 3.1137824783860442e-04 1.0767509736145190e-04 inf
-4 -2 -2.3781906512604999e-04 -8.2238214047595940e-05 inf
-4 -1 7.0513287805951279e-05 2.4383607941982062e-05 inf
-4 0 9.6554295819773067e-05 3.3388630292181660e-05 inf
-4 1 -2.1260556219332709e-04 -7.3519344390867507e-05 inf
-4 2 2.5853658094398559e-04 8.9402364343531347e-05 inf
-4 3 -2.3864915163011101e-04 -8.2525259243836725e-05 inf
-4 4 1.7288505990691321e-04 5.9783930942320031e-05 inf
-4 5 -8.8939287600857649e-05 -3.0755348240923117e-05 inf
-3 -4 -3.1137824783860442e-04 -1.0767509736145190e-04 inf
-3 -3 0.0000000000000000e+00 0.0000000000000000e+00 inf
-3 -2 1.9787742309064889e-04 6.8426330123240510e-05 inf
-3 -1 -2.2437190783744360e-04 -7.7588165498487178e-05 inf
-3 0 1.2351267022977410e-04 4.2710879400660822e-05 inf
-3 1 3.1890834319719968e-05 1.1027901639900209e-05 inf
-3 2 -1.7223018989017360e-04 -5.9557475783726991e-05 inf
-3 3 2.4805247729594329e-04 8.5776944363368118e-05 inf
-3 4 -2.3864915163011101e-04 -8.2525259243836725e-05 inf
-3 5 1.5404736498284181e-04 5.3269825859354049e-05 inf
-2 -5 2.0099379468057580e-04 6.9503976477325541e-05 inf
-2 -4 2.3781906512604999e-04 8.2238214047595940e-05 inf
-2 -3 -1.9787742309064889e-04 -6.8426330123240510e-05 inf
-2 -2 0.0000000000000000e+00 0.0000000000000000e+00 inf
-2 -1 1.6570963608139659e-04 5.7302657898423410e-05 inf
-2 0 -2.1393022023364421e-04 -7.3977413175732912e-05 inf
-2 1 1.3819361544582619e-04 4.7787573782095399e-05 inf
-2 2 1.5033483465847639e-05 5.1986026891910046e-06 inf
-2 3 -1.7223018989017360e-04 -5.9557475783726991e-05 inf
-2 4 2.5853658094398559e-04 8.9402364343531347e-05 inf
-2 5 -2.2234821905742769e-04 -7.6888370592572376e-05 inf
-1 -5 -2.8424815041307861e-04 -9.8293466117557843e-05 inf
-1 -4 -7.0513287805951279e-05 -2.4383607941982062e-05 inf
-1 -3 2.2437190783744360e-04 7.7588165498487178e-05 inf
-1 -2 -1.6570963608139659e-04 -5.7302657898423410e-05 inf
-1 -1 0.0000000000000000e+00 0.0000000000000000e+00 inf
-1 0 1.5404736498284181e-04 5.3269825859354049e-05 inf
-1 1 -2.1046876857168400e-04 -7.2780437621807029e-05 inf
-1 2 1.3819361544582619e-04 4.7787573782095399e-05 inf
-1 3 3.1890834319719968e-05 1.1027901639900209e-05 inf
-1 4 -2.1260556219332709e-04 -7.3519344390867507e-05 inf
-1 5 2.7872824356881389e-04 9.6384673681628634e-05 inf
0 -5 3.0533149274871579e-04 1.0558411977408340e-04 inf
0 -4 -9.6554295819773067e-05 -3.3388630292181660e-05 inf
0 -3 -1.2351267022977410e-04 -4.2710879400660822e-05 inf
0 -2 2.1393022023364421e-04 7.3977413175732912e-05 inf
0 -1 -1.5404736498284181e-04 -5.3269825859354049e-05 inf
0 0 0.0000000000000000e+00 0.0000000000000000e+00 inf
0 1 1.5404736498284181e-04 5.3269825859354049e-05 inf
0 2 -2.1393022023364421e-04 -7.3977413175732912e-05 inf
0 3 1.2351267022977410e-04 4.2710879400660822e-05 inf
0 4 9.6554295819773067e-05 3.3388630292181660e-05 inf
0 5 -3.0533149274871579e-04 -1.0558411977408340e-04 inf
1 -5 -2.7872824356881389e-04 -9.6384673681628634e-05 inf
1 -4 2.1260556219332709e-04 7.3519344390867507e-05 inf
1 -3 -3.1890834319719968e-05 -1.1027901639900209e-05 inf
1 -2 -1.3819361544582619e-04 -4.7787573782095399e-05 inf
1 -1 2.1046876857168400e-04 7.2780437621807029e-05 inf
1 0 -1.5404736498284181e-04 -5.3269825859354049e-05 inf
1 1 0.0000000000000000e+00 0.0000000000000000e+00 inf
1 2 1.6570963608139659e-04 5.7302657898423410e-05 inf
1 3 -2.2437190783744360e-04 -7.7588165498487178e-05 inf
1 4 7.0513287805951279e-05 2.4383607941982062e-05 inf
1 5 2.8424815041307861e-04 9.8293466117557843e-05 inf
2 -5 2.2234821905742769e-04 7.6888370592572376e-05 inf
2 -4 -2.5853658094398559e-04 -8.9402364343531347e-05 inf
2 -3 1.7223018989017360e-04 5.9557475783726991e-05 inf
2 -2 -1.5033483465847639e-05 -5.1986026891910046e-06 inf
2 -1 -1.3819361544582619e-04 -4.7787573782095399e-05 inf
2 0 2.1393022023364421e-04 7.3977413175732912e-05 inf
2 1 -1.6570963608139659e-04 -5.7302657898423410e-05 inf
2 2 0.0000000000000000e+00 0.0000000000000000e+00 inf
2 3 1.9787742309064889e-04 6.8426330123240510e-05 inf
2 4 -2.3781906512604999e-04 -8.2238214047595940e-05 inf
2 5 -2.0099379468057580e-04 -6.9503976477325541e-05 inf
3 -5 -1.5404736498284181e-04 -5.3269825859354049e-05 inf
3 -4 2.3864915163011101e-04 8.2525259243836725e-05 inf
3 -3 -2.4805247729594329e-04 -8.5776944363368118e-05 inf
3 -2 1.7223018989017360e-04 5.9557475783726991e-05 inf
3 -1 -3.1890834319719968e-05 -1.1027901639900209e-05 inf
3 0 -1.2351267022977410e-04 -4.2710879400660822e-05 inf
3 1 2.2437190783744360e-04 7.7588165498487178e-05 inf
3 2 -1.9787742309064889e-04 -6.8426330123240510e-05 inf
3 3 0.0000000000000000e+00 0.0000000000000000e+00 inf
3 4 3.1137824783860442e-04 1.0767509736145190e-04 inf
4 -5 8.8939287600857649e-05 3.0755348240923117e-05 inf
4 -4 -1.7288505990691321e-04 -5.9783930942320031e-05 inf
4 -3 2.3864915163011101e-04 8.2525259243836725e-05 inf
4 -2 -2.5853658094398559e-04 -8.9402364343531347e-05 inf
4 -1 2.1260556219332709e-04 7.3519344390867507e-05 inf
4 0 -9.6554295819773067e-05 -3.3388630292181660e-05 inf
4 1 -7.0513287805951279e-05 -2.4383607941982062e-05 inf
4 2 2.3781906512604999e-04 8.2238214047595940e-05 inf
4 3 -3.1137824783860442e-04 -1.0767509736145190e-04 inf
5 -5 -3.7583708686661922e-05 -1.2996506725799551e-05 inf
5 -4 8.8939287600857649e-05 3.0755348240923117e-05 inf
5 -3 -1.5404736498284181e-04 -5.3269825859354049e-05 inf
5 -2 2.2234821905742769e-04 7.6888370592572376e-05 inf
5 -1 -2.7872824356881389e-04 -9.6384673681628634e-05 inf
5 0 3.0533149274871579e-04 1.0558411977408340e-04 inf
5 1 -2.8424815041307861e-04 -9.8293466117557843e-05 inf
5 2 2.0099379468057580e-04 6.9503976477325541e-05 inf
