# Q = G M A_out^(2)/(A_1 A_2), strain amplitudes, Eq. (29); strain phases of Eq. (19) and (-1)^m' of Eq. (39) included; M = 1; r* = r + 2 log(r/2 - 1)
# sector=eoe l1=4 l2=4 l=5 omega1=omega2=Re(omega_l0)/2 (on resonance); 1/2 included on cells with m1 = m2
# rel_err: free-coefficient diagnostic
# m1 m2 Re_Qin Im_Qin rel_err
-4 -1 -8.1719989347275217e-04 -8.7546153567719294e-04 7.471890e-03
-4 0 1.1556951725190149e-03 1.2380895770906640e-03 7.471890e-03
-4 1 -1.2182096753404401e-03 -1.3050610036403740e-03 7.471890e-03
-4 2 1.0550005259808151e-03 1.1302159826409800e-03 7.471890e-03
-4 3 -7.4599802607640861e-04 -7.9918338553085395e-04 7.471890e-03
-4 4 3.8523172417300491e-04 4.1269652569688782e-04 7.471890e-03
-3 -2 1.2257998402091280e-03 1.3131923035157899e-03 7.471890e-03
-3 -1 -9.1365725650533044e-04 -9.7879575273028064e-04 7.471890e-03
-3 0 1.9261586208650240e-04 2.0634826284844391e-04 7.471890e-03
-3 1 5.2750026299040742e-04 5.6510799132048980e-04 7.471890e-03
-3 2 -9.8686262777162724e-04 -1.0572202450246470e-03 7.471890e-03
-3 3 1.0593872414757630e-03 1.1349154456664419e-03 7.471890e-03
-3 4 -7.4599802607640861e-04 -7.9918338553085395e-04 7.471890e-03
-2 -3 -1.2257998402091280e-03 -1.3131923035157899e-03 7.471890e-03
-2 -1 8.0576996142088498e-04 8.6321671535019757e-04 7.471890e-03
-2 0 -8.8267676806057216e-04 -9.4560653402563826e-04 7.471890e-03
-2 1 3.7299901303820430e-04 3.9959169276542698e-04 7.471890e-03
-2 2 3.8523172417300491e-04 4.1269652569688782e-04 7.471890e-03
-2 3 -9.8686262777162724e-04 -1.0572202450246470e-03 7.471890e-03
-2 4 1.0550005259808151e-03 1.1302159826409800e-03 7.471890e-03
-1 -4 8.1719989347275217e-04 8.7546153567719294e-04 7.471890e-03
-1 -3 9.1365725650533044e-04 9.7879575273028064e-04 7.471890e-03
-1 -2 -8.0576996142088498e-04 -8.6321671535019757e-04 7.471890e-03
-1 0 7.0771586771734051e-04 7.5817192993258588e-04 7.471890e-03
-1 1 -8.6677137938926123e-04 -9.2856718281799787e-04 7.471890e-03
-1 2 3.7299901303820430e-04 3.9959169276542698e-04 7.471890e-03
-1 3 5.2750026299040742e-04 5.6510799132048980e-04 7.471890e-03
-1 4 -1.2182096753404401e-03 -1.3050610036403740e-03 7.471890e-03
0 -4 -1.1556951725190149e-03 -1.2380895770906640e-03 7.471890e-03
0 -3 -1.9261586208650240e-04 -2.0634826284844391e-04 7.471890e-03
0 -2 8.8267676806057216e-04 9.4560653402563826e-04 7.471890e-03
0 -1 -7.0771586771734051e-04 -7.5817192993258588e-04 7.471890e-03
0 1 7.0771586771734051e-04 7.5817192993258588e-04 7.471890e-03
0 2 -8.8267676806057216e-04 -9.4560653402563826e-04 7.471890e-03
0 3 1.9261586208650240e-04 2.0634826284844391e-04 7.471890e-03
0 4 1.1556951725190149e-03 1.2380895770906640e-03 7.471890e-03
1 -4 1.2182096753404401e-03 1.3050610036403740e-03 7.471890e-03
1 -3 -5.2750026299040742e-04 -5.6510799132048980e-04 7.471890e-03
1 -2 -3.7299901303820430e-04 -3.9959169276542698e-04 7.471890e-03
1 -1 8.6677137938926123e-04 9.2856718281799787e-04 7.471890e-03
1 0 -7.0771586771734051e-04 -7.5817192993258588e-04 7.471890e-03
1 2 8.0576996142088498e-04 8.6321671535019757e-04 7.471890e-03
1 3 -9.1365725650533044e-04 -9.7879575273028064e-04 7.471890e-03
1 4 -8.1719989347275217e-04 -8.7546153567719294e-04 7.471890e-03
2 -4 -1.0550005259808151e-03 -1.1302159826409800e-03 7.471890e-03
2 -3 9.8686262777162724e-04 1.0572202450246470e-03 7.471890e-03
2 -2 -3.8523172417300491e-04 -4.1269652569688782e-04 7.471890e-03
2 -1 -3.7299901303820430e-04 -3.9959169276542698e-04 7.471890e-03
2 0 8.8267676806057216e-04 9.4560653402563826e-04 7.471890e-03
2 1 -8.0576996142088498e-04 -8.6321671535019757e-04 7.471890e-03
2 3 1.2257998402091280e-03 1.3131923035157899e-03 7.471890e-03
3 -4 7.4599802607640861e-04 7.9918338553085395e-04 7.471890e-03
3 -3 -1.0593872414757630e-03 -1.1349154456664419e-03 7.471890e-03
3 -2 9.8686262777162724e-04 1.0572202450246470e-03 7.471890e-03
3 -1 -5.2750026299040742e-04 -5.6510799132048980e-04 7.471890e-03
3 0 -1.9261586208650240e-04 -2.0634826284844391e-04 7.471890e-03
3 1 9.1365725650533044e-04 9.7879575273028064e-04 7.471890e-03
3 2 -1.2257998402091280e-03 -1.3131923035157899e-03 7.471890e-03
4 -4 -3.8523172417300491e-04 -4.1269652569688782e-04 7.471890e-03
4 -3 7.4599802607640861e-04 7.9918338553085395e-04 7.471890e-03
4 -2 -1.0550005259808151e-03 -1.1302159826409800e-03 7.471890e-03
4 -1 1.2182096753404401e-03 1.3050610036403740e-03 7.471890e-03
4 0 -1.1556951725190149e-03 -1.2380895770906640e-03 7.471890e-03
4 1 8.1719989347275217e-04 8.7546153567719294e-04 7.471890e-03
