# Q = G M A_out^(2)/(A_1 A_2), strain amplitudes, Eq. (29); strain phases of Eq. (19) and (-1)^m' of Eq. (39) included; M = 1; r* = r + 2 log(r/2 - 1)
# sector=eoe l1=3 l2=3 l=3 omega1=omega2=Re(omega_l0)/2 (on resonance); 1/2 included on cells with m1 = m2
# rel_err: free-coefficient diagnostic of this code (nan for source=1)
# source: 0 = BlackHoleNonlinearities.jl; 1 = independent frequency-domain values by Zhen Zhong,
#   used where this code fails the 1% criterion (they agree to <1% on all common cells)
# m1 m2 Re_Qin Im_Qin rel_err source
-3 0 2.1368893734112189e-03 -1.6612455243935600e-03 1.250000e-03 0
-3 1 3.0220179331335050e-03 -2.3493559510164960e-03 8.836000e-04 0
-3 2 3.0220179331335050e-03 -2.3493559510164960e-03 8.836000e-04 0
-3 3 2.1368893734112189e-03 -1.6612455243935600e-03 1.250000e-03 0
-2 -1 -3.0220179331335050e-03 2.3493559510164960e-03 8.836000e-04 0
-2 0 -2.1368893734112189e-03 1.6612455243935600e-03 1.250000e-03 0
-2 1 0.0000000000000000e+00 0.0000000000000000e+00 inf 0
-2 2 2.1368893734112189e-03 -1.6612455243935600e-03 1.250000e-03 0
-2 3 3.0220179331335050e-03 -2.3493559510164960e-03 8.836000e-04 0
-1 -2 3.0220179331335050e-03 -2.3493559510164960e-03 8.836000e-04 0
-1 -1 0.0000000000000000e+00 0.0000000000000000e+00 inf 0
-1 0 -2.1368893734112189e-03 1.6612455243935600e-03 1.250000e-03 0
-1 1 -2.1368893734112189e-03 1.6612455243935600e-03 1.250000e-03 0
-1 2 0.0000000000000000e+00 0.0000000000000000e+00 inf 0
-1 3 3.0220179331335050e-03 -2.3493559510164960e-03 8.836000e-04 0
0 -3 -2.1368893734112189e-03 1.6612455243935600e-03 1.250000e-03 0
0 -2 2.1368893734112189e-03 -1.6612455243935600e-03 1.250000e-03 0
0 -1 2.1368893734112189e-03 -1.6612455243935600e-03 1.250000e-03 0
0 0 0.0000000000000000e+00 0.0000000000000000e+00 inf 0
0 1 -2.1368893734112189e-03 1.6612455243935600e-03 1.250000e-03 0
0 2 -2.1368893734112189e-03 1.6612455243935600e-03 1.250000e-03 0
0 3 2.1368893734112189e-03 -1.6612455243935600e-03 1.250000e-03 0
1 -3 -3.0220179331335050e-03 2.3493559510164960e-03 8.836000e-04 0
1 -2 0.0000000000000000e+00 0.0000000000000000e+00 inf 0
1 -1 2.1368893734112189e-03 -1.6612455243935600e-03 1.250000e-03 0
1 0 2.1368893734112189e-03 -1.6612455243935600e-03 1.250000e-03 0
1 1 0.0000000000000000e+00 0.0000000000000000e+00 inf 0
1 2 -3.0220179331335050e-03 2.3493559510164960e-03 8.836000e-04 0
2 -3 -3.0220179331335050e-03 2.3493559510164960e-03 8.836000e-04 0
2 -2 -2.1368893734112189e-03 1.6612455243935600e-03 1.250000e-03 0
2 -1 0.0000000000000000e+00 0.0000000000000000e+00 inf 0
2 0 2.1368893734112189e-03 -1.6612455243935600e-03 1.250000e-03 0
2 1 3.0220179331335050e-03 -2.3493559510164960e-03 8.836000e-04 0
3 -3 -2.1368893734112189e-03 1.6612455243935600e-03 1.250000e-03 0
3 -2 -3.0220179331335050e-03 2.3493559510164960e-03 8.836000e-04 0
3 -1 -3.0220179331335050e-03 2.3493559510164960e-03 8.836000e-04 0
3 0 -2.1368893734112189e-03 1.6612455243935600e-03 1.250000e-03 0
