# Q = G M A_out^(2)/(A_1 A_2), strain amplitudes, Eq. (29); strain phases of Eq. (19) and (-1)^m' of Eq. (39) included; M = 1; r* = r + 2 log(r/2 - 1)
# sector=eoe l1=3 l2=3 l=5 omega1=omega2=Re(omega_l0)/2 (on resonance); 1/2 included on cells with m1 = m2
# rel_err: free-coefficient diagnostic
# m1 m2 Re_Qin Im_Qin rel_err
-3 -2 -1.2621413067935860e-02 9.3910823581978345e-03 2.831000e-04
-3 -1 1.2621413067935860e-02 -9.3910823581978345e-03 2.831000e-04
-3 0 -1.0305340616288640e-02 7.6677866364639798e-03 3.467000e-04
-3 1 7.2869762323211733e-03 -5.4219439274744343e-03 4.903000e-04
-3 2 -4.3548012342096752e-03 3.2402312501581009e-03 8.205000e-04
-3 3 1.9475263177009059e-03 -1.4490754676933131e-03 1.835000e-03
-2 -3 1.2621413067935860e-02 -9.3910823581978345e-03 2.831000e-04
-2 -2 0.0000000000000000e+00 0.0000000000000000e+00 inf
-2 -1 -7.2869762323211733e-03 5.4219439274744343e-03 4.903000e-04
-2 0 1.0305340616288640e-02 -7.6677866364639798e-03 3.467000e-04
-2 1 -1.0119643593696230e-02 7.5296170018778856e-03 3.531000e-04
-2 2 7.7901052708036229e-03 -5.7963018707732506e-03 4.587000e-04
-2 3 -4.3548012342096752e-03 3.2402312501581009e-03 8.205000e-04
-1 -3 -1.2621413067935860e-02 9.3910823581978345e-03 2.831000e-04
-1 -2 7.2869762323211733e-03 -5.4219439274744343e-03 4.903000e-04
-1 -1 0.0000000000000000e+00 0.0000000000000000e+00 inf
-1 0 -6.1586189667806436e-03 4.5823789791722656e-03 5.802000e-04
-1 1 9.7376315882230606e-03 -7.2453773382554158e-03 3.669000e-04
-1 2 -1.0119643593696230e-02 7.5296170018778856e-03 3.531000e-04
-1 3 7.2869762323211733e-03 -5.4219439274744343e-03 4.903000e-04
0 -3 1.0305340616288640e-02 -7.6677866364639798e-03 3.467000e-04
0 -2 -1.0305340616288640e-02 7.6677866364639798e-03 3.467000e-04
0 -1 6.1586189667806436e-03 -4.5823789791722656e-03 5.802000e-04
0 0 0.0000000000000000e+00 0.0000000000000000e+00 inf
0 1 -6.1586189667806436e-03 4.5823789791722656e-03 5.802000e-04
0 2 1.0305340616288640e-02 -7.6677866364639798e-03 3.467000e-04
0 3 -1.0305340616288640e-02 7.6677866364639798e-03 3.467000e-04
1 -3 -7.2869762323211733e-03 5.4219439274744343e-03 4.903000e-04
1 -2 1.0119643593696230e-02 -7.5296170018778856e-03 3.531000e-04
1 -1 -9.7376315882230606e-03 7.2453773382554158e-03 3.669000e-04
1 0 6.1586189667806436e-03 -4.5823789791722656e-03 5.802000e-04
1 1 0.0000000000000000e+00 0.0000000000000000e+00 inf
1 2 -7.2869762323211733e-03 5.4219439274744343e-03 4.903000e-04
1 3 1.2621413067935860e-02 -9.3910823581978345e-03 2.831000e-04
2 -3 4.3548012342096752e-03 -3.2402312501581009e-03 8.205000e-04
2 -2 -7.7901052708036229e-03 5.7963018707732506e-03 4.587000e-04
2 -1 1.0119643593696230e-02 -7.5296170018778856e-03 3.531000e-04
2 0 -1.0305340616288640e-02 7.6677866364639798e-03 3.467000e-04
2 1 7.2869762323211733e-03 -5.4219439274744343e-03 4.903000e-04
2 2 0.0000000000000000e+00 0.0000000000000000e+00 inf
2 3 -1.2621413067935860e-02 9.3910823581978345e-03 2.831000e-04
3 -3 -1.9475263177009059e-03 1.4490754676933131e-03 1.835000e-03
3 -2 4.3548012342096752e-03 -3.2402312501581009e-03 8.205000e-04
3 -1 -7.2869762323211733e-03 5.4219439274744343e-03 4.903000e-04
3 0 1.0305340616288640e-02 -7.6677866364639798e-03 3.467000e-04
3 1 -1.2621413067935860e-02 9.3910823581978345e-03 2.831000e-04
3 2 1.2621413067935860e-02 -9.3910823581978345e-03 2.831000e-04
