# Q = G M A_out^(2)/(A_1 A_2), strain amplitudes, Eq. (29); strain phases of Eq. (19) and (-1)^m' of Eq. (39) included; M = 1; r* = r + 2 log(r/2 - 1)
# sector=eoe l1=5 l2=5 l=9 omega1=omega2=Re(omega_l0)/2 (on resonance); 1/2 included on cells with m1 = m2
# rel_err: free-coefficient diagnostic of this code (nan for source=1)
# source: 0 = BlackHoleNonlinearities.jl; 1 = independent frequency-domain values by Zhen Zhong,
#   used where this code fails the 1% criterion (they agree to <1% on all common cells)
# m1 m2 Re_Qin Im_Qin rel_err source
-5 -4 6.5651493165769074e-04 8.8654950463974583e-04 7.130270e-03 0
-5 -3 6.5651493165769074e-04 8.8654950463974583e-04 7.130270e-03 0
-5 -2 5.5158287022539826e-04 7.4485056869932583e-04 8.486720e-03 0
-5 -1 4.1900098393862886e-04 5.7346425250290095e-04 nan 1
-5 0 2.9627843706684010e-04 4.0550046171287577e-04 nan 1
-5 1 1.9395976637742908e-04 2.6546236573411346e-04 nan 1
-5 2 1.1620996400466040e-04 1.5905036669575630e-04 nan 1
-5 3 6.2116838604967518e-05 8.5015997059468881e-05 nan 1
-5 4 2.8093397293055517e-05 3.8449931376029466e-05 nan 1
-5 5 9.3644657643518598e-06 1.2816643792009853e-05 nan 1
-4 -5 -6.5651493165769074e-04 -8.8654950463974583e-04 7.130270e-03 0
-4 -4 0.0000000000000000e+00 0.0000000000000000e+00 inf 0
-4 -3 3.5412046431116669e-04 4.8466575293753470e-04 nan 1
-4 -2 5.0352396721887278e-04 6.7995243102094067e-04 9.296730e-03 0
-4 -1 5.1595853021610242e-04 6.9674390822999630e-04 9.072680e-03 0
-4 0 4.4793089331986272e-04 6.1305907326522147e-04 nan 1
-4 1 3.4724368417022623e-04 4.7525387149973644e-04 nan 1
-4 2 2.4057748143609318e-04 3.2926554077254179e-04 nan 1
-4 3 1.4657707415442189e-04 2.0061220733634278e-04 nan 1
-4 4 7.4915726114814770e-05 1.0253315033607866e-04 nan 1
-4 5 2.8093397293055517e-05 3.8449931376029466e-05 nan 1
-3 -5 -6.5651493165769074e-04 -8.8654950463974583e-04 7.130270e-03 0
-3 -4 -3.5412046431116669e-04 -4.8466575293753470e-04 nan 1
-3 -3 0.0000000000000000e+00 0.0000000000000000e+00 inf 0
-3 -2 2.7430053216567757e-04 3.7542047792083041e-04 nan 1
-3 -1 4.3370722251990970e-04 5.9359189524938870e-04 nan 1
-3 0 4.8678435304975179e-04 6.5734746685199464e-04 9.616430e-03 0
-3 1 4.5007925525341453e-04 6.1599942142084884e-04 nan 1
-3 2 3.6268419951464233e-04 4.9638647960726788e-04 nan 1
-3 3 2.5284057563749974e-04 3.4604938238426533e-04 nan 1
-3 4 1.4657707415442189e-04 2.0061220733634278e-04 nan 1
-3 5 6.2116838604967518e-05 8.5015997059468881e-05 nan 1
-2 -5 -5.5158287022539826e-04 -7.4485056869932583e-04 8.486720e-03 0
-2 -4 -5.0352396721887278e-04 -6.7995243102094067e-04 9.296730e-03 0
-2 -3 -2.7430053216567757e-04 -3.7542047792083041e-04 nan 1
-2 -2 0.0000000000000000e+00 0.0000000000000000e+00 inf 0
-2 -1 2.4057748143609318e-04 3.2926554077254179e-04 nan 1
-2 0 4.0256312400364583e-04 5.5096663215902343e-04 nan 1
-2 1 4.7264753929247881e-04 6.3825729095637589e-04 9.904050e-03 0
-2 2 4.4949435668888854e-04 6.1519890201647189e-04 nan 1
-2 3 3.6268419951464233e-04 4.9638647960726788e-04 nan 1
-2 4 2.4057748143609318e-04 3.2926554077254179e-04 nan 1
-2 5 1.1620996400466040e-04 1.5905036669575630e-04 nan 1
-1 -5 -4.1900098393862886e-04 -5.7346425250290095e-04 nan 1
-1 -4 -5.1595853021610242e-04 -6.9674390822999630e-04 9.072680e-03 0
-1 -3 -4.3370722251990970e-04 -5.9359189524938870e-04 nan 1
-1 -2 -2.4057748143609318e-04 -3.2926554077254179e-04 nan 1
-1 -1 0.0000000000000000e+00 0.0000000000000000e+00 inf 0
-1 0 2.2707622685435376e-04 3.1078709522382533e-04 nan 1
-1 1 3.9330756210277765e-04 5.3829903926441312e-04 nan 1
-1 2 4.7264753929247881e-04 6.3825729095637589e-04 9.904050e-03 0
-1 3 4.5007925525341453e-04 6.1599942142084884e-04 nan 1
-1 4 3.4724368417022623e-04 4.7525387149973644e-04 nan 1
-1 5 1.9395976637742908e-04 2.6546236573411346e-04 nan 1
0 -5 -2.9627843706684010e-04 -4.0550046171287577e-04 nan 1
0 -4 -4.4793089331986272e-04 -6.1305907326522147e-04 nan 1
0 -3 -4.8678435304975179e-04 -6.5734746685199464e-04 9.616430e-03 0
0 -2 -4.0256312400364583e-04 -5.5096663215902343e-04 nan 1
0 -1 -2.2707622685435376e-04 -3.1078709522382533e-04 nan 1
0 0 0.0000000000000000e+00 0.0000000000000000e+00 inf 0
0 1 2.2707622685435376e-04 3.1078709522382533e-04 nan 1
0 2 4.0256312400364583e-04 5.5096663215902343e-04 nan 1
0 3 4.8678435304975179e-04 6.5734746685199464e-04 9.616430e-03 0
0 4 4.4793089331986272e-04 6.1305907326522147e-04 nan 1
0 5 2.9627843706684010e-04 4.0550046171287577e-04 nan 1
1 -5 -1.9395976637742908e-04 -2.6546236573411346e-04 nan 1
1 -4 -3.4724368417022623e-04 -4.7525387149973644e-04 nan 1
1 -3 -4.5007925525341453e-04 -6.1599942142084884e-04 nan 1
1 -2 -4.7264753929247881e-04 -6.3825729095637589e-04 9.904050e-03 0
1 -1 -3.9330756210277765e-04 -5.3829903926441312e-04 nan 1
1 0 -2.2707622685435376e-04 -3.1078709522382533e-04 nan 1
1 1 0.0000000000000000e+00 0.0000000000000000e+00 inf 0
1 2 2.4057748143609318e-04 3.2926554077254179e-04 nan 1
1 3 4.3370722251990970e-04 5.9359189524938870e-04 nan 1
1 4 5.1595853021610242e-04 6.9674390822999630e-04 9.072680e-03 0
1 5 4.1900098393862886e-04 5.7346425250290095e-04 nan 1
2 -5 -1.1620996400466040e-04 -1.5905036669575630e-04 nan 1
2 -4 -2.4057748143609318e-04 -3.2926554077254179e-04 nan 1
2 -3 -3.6268419951464233e-04 -4.9638647960726788e-04 nan 1
2 -2 -4.4949435668888854e-04 -6.1519890201647189e-04 nan 1
2 -1 -4.7264753929247881e-04 -6.3825729095637589e-04 9.904050e-03 0
2 0 -4.0256312400364583e-04 -5.5096663215902343e-04 nan 1
2 1 -2.4057748143609318e-04 -3.2926554077254179e-04 nan 1
2 2 0.0000000000000000e+00 0.0000000000000000e+00 inf 0
2 3 2.7430053216567757e-04 3.7542047792083041e-04 nan 1
2 4 5.0352396721887278e-04 6.7995243102094067e-04 9.296730e-03 0
2 5 5.5158287022539826e-04 7.4485056869932583e-04 8.486720e-03 0
3 -5 -6.2116838604967518e-05 -8.5015997059468881e-05 nan 1
3 -4 -1.4657707415442189e-04 -2.0061220733634278e-04 nan 1
3 -3 -2.5284057563749974e-04 -3.4604938238426533e-04 nan 1
3 -2 -3.6268419951464233e-04 -4.9638647960726788e-04 nan 1
3 -1 -4.5007925525341453e-04 -6.1599942142084884e-04 nan 1
3 0 -4.8678435304975179e-04 -6.5734746685199464e-04 9.616430e-03 0
3 1 -4.3370722251990970e-04 -5.9359189524938870e-04 nan 1
3 2 -2.7430053216567757e-04 -3.7542047792083041e-04 nan 1
3 3 0.0000000000000000e+00 0.0000000000000000e+00 inf 0
3 4 3.5412046431116669e-04 4.8466575293753470e-04 nan 1
3 5 6.5651493165769074e-04 8.8654950463974583e-04 7.130270e-03 0
4 -5 -2.8093397293055517e-05 -3.8449931376029466e-05 nan 1
4 -4 -7.4915726114814770e-05 -1.0253315033607866e-04 nan 1
4 -3 -1.4657707415442189e-04 -2.0061220733634278e-04 nan 1
4 -2 -2.4057748143609318e-04 -3.2926554077254179e-04 nan 1
4 -1 -3.4724368417022623e-04 -4.7525387149973644e-04 nan 1
4 0 -4.4793089331986272e-04 -6.1305907326522147e-04 nan 1
4 1 -5.1595853021610242e-04 -6.9674390822999630e-04 9.072680e-03 0
4 2 -5.0352396721887278e-04 -6.7995243102094067e-04 9.296730e-03 0
4 3 -3.5412046431116669e-04 -4.8466575293753470e-04 nan 1
4 4 0.0000000000000000e+00 0.0000000000000000e+00 inf 0
4 5 6.5651493165769074e-04 8.8654950463974583e-04 7.130270e-03 0
5 -5 -9.3644657643518598e-06 -1.2816643792009853e-05 nan 1
5 -4 -2.8093397293055517e-05 -3.8449931376029466e-05 nan 1
5 -3 -6.2116838604967518e-05 -8.5015997059468881e-05 nan 1
5 -2 -1.1620996400466040e-04 -1.5905036669575630e-04 nan 1
5 -1 -1.9395976637742908e-04 -2.6546236573411346e-04 nan 1
5 0 -2.9627843706684010e-04 -4.0550046171287577e-04 nan 1
5 1 -4.1900098393862886e-04 -5.7346425250290095e-04 nan 1
5 2 -5.5158287022539826e-04 -7.4485056869932583e-04 8.486720e-03 0
5 3 -6.5651493165769074e-04 -8.8654950463974583e-04 7.130270e-03 0
5 4 -6.5651493165769074e-04 -8.8654950463974583e-04 7.130270e-03 0
