# Q = G M A_out^(2)/(A_1 A_2), strain amplitudes, Eq. (29); strain phases of Eq. (19) and (-1)^m' of Eq. (39) included; M = 1; r* = r + 2 log(r/2 - 1)
# sector=eoe l1=5 l2=5 l=5 omega1=omega2=Re(omega_l0)/2 (on resonance); 1/2 included on cells with m1 = m2
# rel_err: free-coefficient diagnostic of this code (nan for source=1)
# source: 0 = BlackHoleNonlinearities.jl; 1 = independent frequency-domain values by Zhen Zhong,
#   used where this code fails the 1% criterion (they agree to <1% on all common cells)
# m1 m2 Re_Qin Im_Qin rel_err source
-5 0 1.3657986895989320e-04 5.2113754106397682e-05 8.094010e-02 0
-5 1 2.3656327233800061e-04 9.0263669855154594e-05 4.673080e-02 0
-5 2 2.9504623845441982e-04 1.1257857569723640e-04 3.746800e-02 0
-5 3 2.9504623845441982e-04 1.1257857569723640e-04 3.746800e-02 0
-5 4 2.3656327233800061e-04 9.0263669855154594e-05 4.673080e-02 0
-5 5 1.3657986895989320e-04 5.2113754106397682e-05 8.094010e-02 0
-4 -1 -2.3656327233800061e-04 -9.0263669855154594e-05 4.673080e-02 0
-4 0 -2.7315973791978651e-04 -1.0422750821279540e-04 4.047000e-02 0
-4 1 -1.7632385264979741e-04 -6.7278567247628090e-05 6.269590e-02 0
-4 2 0.0000000000000000e+00 0.0000000000000000e+00 inf 0
-4 3 1.7632385264979741e-04 6.7278567247628090e-05 6.269590e-02 0
-4 4 2.7315973791978651e-04 1.0422750821279540e-04 4.047000e-02 0
-4 5 2.3656327233800061e-04 9.0263669855154594e-05 4.673080e-02 0
-3 -2 2.9504623845441982e-04 1.1257857569723640e-04 3.746800e-02 0
-3 -1 1.7632385264979741e-04 6.7278567247628090e-05 6.269590e-02 0
-3 0 -4.5526622986278617e-05 -1.7371251380271020e-05 2.428200e-01 0
-3 1 -2.0360124757474540e-04 -7.7686597831028539e-05 5.429630e-02 0
-3 2 -2.0360124757474540e-04 -7.7686597831028539e-05 5.429630e-02 0
-3 3 -4.5526622986278617e-05 -1.7371251380271020e-05 2.428200e-01 0
-3 4 1.7632385264979741e-04 6.7278567247628090e-05 6.269590e-02 0
-3 5 2.9504623845441982e-04 1.1257857569723640e-04 3.746800e-02 0
-2 -3 -2.9504623845441982e-04 -1.1257857569723640e-04 3.746800e-02 0
-2 -2 0.0000000000000000e+00 0.0000000000000000e+00 inf 0
-2 -1 2.0360124757474540e-04 7.7686597831028539e-05 5.429630e-02 0
-2 0 1.8210649194511449e-04 6.9485005521084081e-05 6.070510e-02 0
-2 1 0.0000000000000000e+00 0.0000000000000000e+00 inf 0
-2 2 -1.8210649194511449e-04 -6.9485005521084081e-05 6.070510e-02 0
-2 3 -2.0360124757474540e-04 -7.7686597831028539e-05 5.429630e-02 0
-2 4 0.0000000000000000e+00 0.0000000000000000e+00 inf 0
-2 5 2.9504623845441982e-04 1.1257857569723640e-04 3.746800e-02 0
-1 -4 2.3656327233800061e-04 9.0263669855154594e-05 4.673080e-02 0
-1 -3 -1.7632385264979741e-04 -6.7278567247628090e-05 6.269590e-02 0
-1 -2 -2.0360124757474540e-04 -7.7686597831028539e-05 5.429630e-02 0
-1 -1 0.0000000000000000e+00 0.0000000000000000e+00 inf 0
-1 0 1.8210649194511449e-04 6.9485005521084081e-05 6.070510e-02 0
-1 1 1.8210649194511449e-04 6.9485005521084081e-05 6.070510e-02 0
-1 2 0.0000000000000000e+00 0.0000000000000000e+00 inf 0
-1 3 -2.0360124757474540e-04 -7.7686597831028539e-05 5.429630e-02 0
-1 4 -1.7632385264979741e-04 -6.7278567247628090e-05 6.269590e-02 0
-1 5 2.3656327233800061e-04 9.0263669855154594e-05 4.673080e-02 0
0 -5 -1.3657986895989320e-04 -5.2113754106397682e-05 8.094010e-02 0
0 -4 2.7315973791978651e-04 1.0422750821279540e-04 4.047000e-02 0
0 -3 4.5526622986278617e-05 1.7371251380271020e-05 2.428200e-01 0
0 -2 -1.8210649194511449e-04 -6.9485005521084081e-05 6.070510e-02 0
0 -1 -1.8210649194511449e-04 -6.9485005521084081e-05 6.070510e-02 0
0 0 0.0000000000000000e+00 0.0000000000000000e+00 inf 0
0 1 1.8210649194511449e-04 6.9485005521084081e-05 6.070510e-02 0
0 2 1.8210649194511449e-04 6.9485005521084081e-05 6.070510e-02 0
0 3 -4.5526622986278617e-05 -1.7371251380271020e-05 2.428200e-01 0
0 4 -2.7315973791978651e-04 -1.0422750821279540e-04 4.047000e-02 0
0 5 1.3657986895989320e-04 5.2113754106397682e-05 8.094010e-02 0
1 -5 -2.3656327233800061e-04 -9.0263669855154594e-05 4.673080e-02 0
1 -4 1.7632385264979741e-04 6.7278567247628090e-05 6.269590e-02 0
1 -3 2.0360124757474540e-04 7.7686597831028539e-05 5.429630e-02 0
1 -2 0.0000000000000000e+00 0.0000000000000000e+00 inf 0
1 -1 -1.8210649194511449e-04 -6.9485005521084081e-05 6.070510e-02 0
1 0 -1.8210649194511449e-04 -6.9485005521084081e-05 6.070510e-02 0
1 1 0.0000000000000000e+00 0.0000000000000000e+00 inf 0
1 2 2.0360124757474540e-04 7.7686597831028539e-05 5.429630e-02 0
1 3 1.7632385264979741e-04 6.7278567247628090e-05 6.269590e-02 0
1 4 -2.3656327233800061e-04 -9.0263669855154594e-05 4.673080e-02 0
2 -5 -2.9504623845441982e-04 -1.1257857569723640e-04 3.746800e-02 0
2 -4 0.0000000000000000e+00 0.0000000000000000e+00 inf 0
2 -3 2.0360124757474540e-04 7.7686597831028539e-05 5.429630e-02 0
2 -2 1.8210649194511449e-04 6.9485005521084081e-05 6.070510e-02 0
2 -1 0.0000000000000000e+00 0.0000000000000000e+00 inf 0
2 0 -1.8210649194511449e-04 -6.9485005521084081e-05 6.070510e-02 0
2 1 -2.0360124757474540e-04 -7.7686597831028539e-05 5.429630e-02 0
2 2 0.0000000000000000e+00 0.0000000000000000e+00 inf 0
2 3 2.9504623845441982e-04 1.1257857569723640e-04 3.746800e-02 0
3 -5 -2.9504623845441982e-04 -1.1257857569723640e-04 3.746800e-02 0
3 -4 -1.7632385264979741e-04 -6.7278567247628090e-05 6.269590e-02 0
3 -3 4.5526622986278617e-05 1.7371251380271020e-05 2.428200e-01 0
3 -2 2.0360124757474540e-04 7.7686597831028539e-05 5.429630e-02 0
3 -1 2.0360124757474540e-04 7.7686597831028539e-05 5.429630e-02 0
3 0 4.5526622986278617e-05 1.7371251380271020e-05 2.428200e-01 0
3 1 -1.7632385264979741e-04 -6.7278567247628090e-05 6.269590e-02 0
3 2 -2.9504623845441982e-04 -1.1257857569723640e-04 3.746800e-02 0
4 -5 -2.3656327233800061e-04 -9.0263669855154594e-05 4.673080e-02 0
4 -4 -2.7315973791978651e-04 -1.0422750821279540e-04 4.047000e-02 0
4 -3 -1.7632385264979741e-04 -6.7278567247628090e-05 6.269590e-02 0
4 -2 0.0000000000000000e+00 0.0000000000000000e+00 inf 0
4 -1 1.7632385264979741e-04 6.7278567247628090e-05 6.269590e-02 0
4 0 2.7315973791978651e-04 1.0422750821279540e-04 4.047000e-02 0
4 1 2.3656327233800061e-04 9.0263669855154594e-05 4.673080e-02 0
5 -5 -1.3657986895989320e-04 -5.2113754106397682e-05 8.094010e-02 0
5 -4 -2.3656327233800061e-04 -9.0263669855154594e-05 4.673080e-02 0
5 -3 -2.9504623845441982e-04 -1.1257857569723640e-04 3.746800e-02 0
5 -2 -2.9504623845441982e-04 -1.1257857569723640e-04 3.746800e-02 0
5 -1 -2.3656327233800061e-04 -9.0263669855154594e-05 4.673080e-02 0
5 0 -1.3657986895989320e-04 -5.2113754106397682e-05 8.094010e-02 0
