# Q = G M A_out^(2)/(A_1 A_2), strain amplitudes, Eq. (29); strain phases of Eq. (19) and (-1)^m' of Eq. (39) included; M = 1; r* = r + 2 log(r/2 - 1)
# sector=eoe l1=4 l2=4 l=3 omega1=omega2=Re(omega_l0)/2 (on resonance); 1/2 included on cells with m1 = m2
# rel_err: free-coefficient diagnostic
# m1 m2 Re_Qin Im_Qin rel_err
-4 1 6.1416025126227096e-04 1.6231017471300419e-04 2.955260e-03
-4 2 -1.0637567591755210e-03 -2.8112946918830439e-04 2.955260e-03
-4 3 1.2586539714187740e-03 3.3263687381969090e-04 2.955260e-03
-4 4 -1.0276866642345321e-03 -2.7159687016426511e-04 2.955260e-03
-3 0 -9.7107262116503902e-04 -2.5663491975647980e-04 2.955260e-03
-3 1 1.0637567591755210e-03 2.8112946918830439e-04 2.955260e-03
-3 2 -4.7572648500826759e-04 -1.2572492071669629e-04 2.955260e-03
-3 3 -5.1384333211726624e-04 -1.3579843508213250e-04 2.955260e-03
-3 4 1.2586539714187740e-03 3.3263687381969090e-04 2.955260e-03
-2 -1 1.1606537785577940e-03 3.0673739824718112e-04 2.955260e-03
-2 0 -6.3571625596970977e-04 -1.6800699225042671e-04 2.955260e-03
-2 1 -3.5961542040536382e-04 -9.5039106805625944e-05 2.955260e-03
-2 2 9.5428047393206563e-04 2.5219709372396041e-04 2.955260e-03
-2 3 -4.7572648500826759e-04 -1.2572492071669629e-04 2.955260e-03
-2 4 -1.0637567591755210e-03 -2.8112946918830439e-04 2.955260e-03
-1 -2 -1.1606537785577940e-03 -3.0673739824718112e-04 2.955260e-03
-1 0 8.5290285764995637e-04 2.2540503322034060e-04 2.955260e-03
-1 1 -6.6065571272219919e-04 -1.7459798796274180e-04 2.955260e-03
-1 2 -3.5961542040536382e-04 -9.5039106805625944e-05 2.955260e-03
-1 3 1.0637567591755210e-03 2.8112946918830439e-04 2.955260e-03
-1 4 6.1416025126227096e-04 1.6231017471300419e-04 2.955260e-03
0 -3 9.7107262116503902e-04 2.5663491975647980e-04 2.955260e-03
0 -2 6.3571625596970977e-04 1.6800699225042671e-04 2.955260e-03
0 -1 -8.5290285764995637e-04 -2.2540503322034060e-04 2.955260e-03
0 1 8.5290285764995637e-04 2.2540503322034060e-04 2.955260e-03
0 2 -6.3571625596970977e-04 -1.6800699225042671e-04 2.955260e-03
0 3 -9.7107262116503902e-04 -2.5663491975647980e-04 2.955260e-03
1 -4 -6.1416025126227096e-04 -1.6231017471300419e-04 2.955260e-03
1 -3 -1.0637567591755210e-03 -2.8112946918830439e-04 2.955260e-03
1 -2 3.5961542040536382e-04 9.5039106805625944e-05 2.955260e-03
1 -1 6.6065571272219919e-04 1.7459798796274180e-04 2.955260e-03
1 0 -8.5290285764995637e-04 -2.2540503322034060e-04 2.955260e-03
1 2 1.1606537785577940e-03 3.0673739824718112e-04 2.955260e-03
2 -4 1.0637567591755210e-03 2.8112946918830439e-04 2.955260e-03
2 -3 4.7572648500826759e-04 1.2572492071669629e-04 2.955260e-03
2 -2 -9.5428047393206563e-04 -2.5219709372396041e-04 2.955260e-03
2 -1 3.5961542040536382e-04 9.5039106805625944e-05 2.955260e-03
2 0 6.3571625596970977e-04 1.6800699225042671e-04 2.955260e-03
2 1 -1.1606537785577940e-03 -3.0673739824718112e-04 2.955260e-03
3 -4 -1.2586539714187740e-03 -3.3263687381969090e-04 2.955260e-03
3 -3 5.1384333211726624e-04 1.3579843508213250e-04 2.955260e-03
3 -2 4.7572648500826759e-04 1.2572492071669629e-04 2.955260e-03
3 -1 -1.0637567591755210e-03 -2.8112946918830439e-04 2.955260e-03
3 0 9.7107262116503902e-04 2.5663491975647980e-04 2.955260e-03
4 -4 1.0276866642345321e-03 2.7159687016426511e-04 2.955260e-03
4 -3 -1.2586539714187740e-03 -3.3263687381969090e-04 2.955260e-03
4 -2 1.0637567591755210e-03 2.8112946918830439e-04 2.955260e-03
4 -1 -6.1416025126227096e-04 -1.6231017471300419e-04 2.955260e-03
